	alpha	beta	turn	surface	rim	core	charge	pH	polar	hydrophobicity	volume
A	1.29	0.9	0.78	0.065	0.047	0.049	0	0	0	1.8	67
R	0.96	0.99	0.88	0.059	0.068	0.066	1	2	1	-4.5	148
N	0.9	0.76	1.28	0.053	0.062	0.058	0	0	1	-3.5	96
D	1.04	0.72	1.41	0.074	0.071	0.051	-1	-2	1	-3.5	91
C	1.11	0.74	0.8	0.015	0.015	0.02	0	-2	0	2.5	86
Q	1.27	0.8	0.97	0.051	0.053	0.051	0	1	1	-3.5	114
E	1.44	0.75	1	0.089	0.094	0.051	-1	-2	1	-3.5	109
G	0.56	0.92	1.64	0.07	0.071	0.06	0	0	0	-0.4	48
H	1.22	1.08	0.69	0.025	0.022	0.034	0	1	1	-3.2	118
I	0.97	1.45	0.51	0.035	0.032	0.047	0	0	0	4.5	124
L	1.3	1.02	0.59	0.063	0.052	0.078	0	0	0	3.8	124
K	1.23	0.77	0.96	0.08	0.105	0.05	1	2	1	-3.9	135
M	1.47	0.97	0.39	0.016	0.017	0.027	0	0	0	1.9	124
F	1.07	1.32	0.58	0.029	0.021	0.051	0	0	0	2.8	135
P	0.52	0.64	1.91	0.054	0.052	0.051	0	0	0	-1.6	90
S	0.82	0.95	1.33	0.071	0.072	0.057	0	-1	1	-0.8	73
T	0.82	1.21	1.03	0.065	0.064	0.064	0	-1	0	-0.7	93
W	0.99	1.14	0.75	0.012	0.007	0.022	0	1	1	-0.9	163
Y	0.72	1.25	1.05	0.033	0.032	0.07	0	-1	1	-1.3	141
V	0.91	1.49	0.47	0.048	0.048	0.049	0	0	0	4.2	105
