,,0-5,5-6,6-7,7-8,8-9,9-10
A,A,0.23,0.35,0.223,0.284,0.02,0.017
A,R,0.237,0.338,0.101,0.266,0.068,0.05
A,N,0.159,-0.17,0.042,0.01,-0.071,-0.15
A,D,0.14,0.068,0.178,-0.026,0.058,-0.121
A,C,0.159,0.006,-0.037,-0.11,0.094,0.089
A,Q,-0.008,-0.029,0.059,-0.03,0.19,-0.066
A,E,0.182,0.194,0.155,-0.031,0.092,0.117
A,G,0.282,-0.165,-0.099,0.059,-0.061,-0.017
A,H,-0.079,-0.052,0.223,-0.046,0.132,0.183
A,I,-0.535,-0.386,0.108,-0.041,-0.094,0.032
A,L,-0.245,-0.232,-0.163,0.047,0.047,-0.034
A,K,0.063,0.429,-0.044,-0.016,-0.018,0.029
A,M,-0.364,0.129,0.033,-0.262,-0.172,-0.087
A,F,0.132,-0.378,-0.244,-0.002,-0.005,0.007
A,P,0.022,0.128,0.08,-0.09,-0.065,0.0
A,S,0.115,0.187,-0.116,0.056,-0.069,-0.051
A,T,0.002,-0.197,-0.003,0.005,-0.023,0.084
A,W,0.117,-0.048,-0.213,-0.181,-0.083,0.056
A,Y,-0.03,-3.035,-0.102,0.075,-0.03,-0.082
A,V,-0.359,0.069,-0.067,-0.037,-0.028,-0.061
R,A,0.237,0.338,0.101,0.266,0.068,0.05
R,R,-0.145,0.024,0.215,0.249,0.195,-0.035
R,N,-0.303,-0.258,0.219,-0.331,0.115,-0.086
R,D,-0.527,-0.618,-0.609,-0.243,-0.266,0.13
R,C,0.174,0.183,0.242,0.001,-0.172,-0.081
R,Q,0.222,-0.297,-0.084,-0.022,-0.273,-0.222
R,E,-0.717,-0.594,-0.602,-0.112,-0.083,-0.412
R,G,-0.037,-0.236,-0.089,-0.102,-0.087,0.017
R,H,0.111,-0.013,0.255,-0.257,-0.238,0.149
R,I,-0.014,-0.111,0.037,-0.04,0.181,0.116
R,L,0.374,0.042,0.113,0.288,0.05,0.052
R,K,0.734,0.643,0.592,0.02,0.118,0.211
R,M,0.509,0.324,-0.528,0.262,0.058,0.085
R,F,-0.018,0.036,-0.157,0.014,0.194,-0.043
R,P,-0.176,0.243,-0.2,0.093,-0.589,0.052
R,S,-0.263,0.121,0.126,-0.115,0.011,0.105
R,T,0.25,-0.187,-0.04,0.137,0.085,-0.003
R,W,-0.244,-0.05,0.242,-0.288,0.051,-0.221
R,Y,0.044,0.03,-0.186,0.091,0.158,0.072
R,V,-0.011,0.458,0.383,-0.006,0.301,0.047
N,A,0.159,-0.17,0.042,0.01,-0.071,-0.15
N,R,-0.303,-0.258,0.219,-0.331,0.115,-0.086
N,N,-0.206,-0.372,0.221,-0.36,0.015,-0.194
N,D,-0.534,-0.481,-0.403,-0.144,-0.321,-0.075
N,C,0.105,0.616,0.51,-0.101,0.033,-0.044
N,Q,-0.187,-0.224,-0.296,-0.201,0.08,-0.125
N,E,-0.262,-0.669,-0.293,-0.138,-0.235,-0.123
N,G,-0.097,0.271,-0.178,-0.078,-0.17,0.074
N,H,-0.141,-0.219,-0.325,-0.196,-0.039,0.084
N,I,0.456,0.881,0.57,0.199,0.081,0.079
N,L,0.43,9.329,0.49,0.36,0.114,0.077
N,K,0.222,-0.124,-0.052,-0.044,-0.002,-0.115
N,M,0.405,-0.12,-0.144,0.152,0.006,0.139
N,F,0.336,0.453,0.362,0.328,0.13,0.031
N,P,0.109,-0.05,-0.105,-0.062,-0.047,-0.211
N,S,-0.334,-0.358,-0.585,0.065,-0.133,0.021
N,T,-0.018,-0.121,-0.182,-0.003,-0.068,0.126
N,W,0.538,0.424,-0.12,0.062,0.141,0.265
N,Y,-0.491,-0.023,-0.181,0.126,0.085,0.106
N,V,0.158,0.311,0.385,0.179,0.234,0.1
D,A,0.14,0.068,0.178,-0.026,0.058,-0.121
D,R,-0.527,-0.618,-0.609,-0.243,-0.266,0.13
D,N,-0.534,-0.481,-0.403,-0.144,-0.321,-0.075
D,D,0.539,0.128,-0.006,0.036,0.021,0.033
D,C,-0.137,0.788,0.509,0.456,0.13,-0.024
D,Q,-0.128,-0.194,-0.241,-0.143,-0.043,0.001
D,E,-0.178,0.301,-0.123,-0.173,0.248,-0.157
D,G,-0.336,-0.157,-0.166,-0.167,-0.106,-0.067
D,H,-0.27,-1.299,-0.189,-0.266,-0.123,-0.067
D,I,0.229,0.099,0.275,0.447,0.293,0.146
D,L,0.316,0.141,0.501,0.322,0.237,0.124
D,K,-0.759,-0.674,-0.615,-0.369,-0.263,0.044
D,M,0.097,0.044,0.525,0.121,0.495,0.035
D,F,0.118,0.703,0.237,0.27,0.239,-0.022
D,P,0.175,0.264,0.065,-0.073,-0.337,-0.027
D,S,-0.565,-0.339,-0.199,-0.036,-0.043,-0.03
D,T,-0.433,-0.124,-0.034,-0.179,-0.061,0.036
D,W,1.287,0.386,-0.126,0.263,-0.148,0.108
D,Y,0.694,0.38,-0.089,-0.257,-0.188,-0.197
D,V,0.442,0.378,0.356,0.122,0.105,0.112
C,A,0.159,0.006,-0.037,-0.11,0.094,0.089
C,R,0.174,0.183,0.242,0.001,-0.172,-0.081
C,N,0.105,0.616,0.51,-0.101,0.033,-0.044
C,D,-0.137,0.788,0.509,0.456,0.13,-0.024
C,C,-0.524,0.841,1.422,0.459,0.507,1.329
C,Q,0.487,-0.158,-0.491,0.058,0.017,0.327
C,E,0.121,-0.007,0.106,-0.117,0.422,0.052
C,G,-0.187,0.094,0.028,-0.082,0.105,-0.124
C,H,-0.187,-0.421,-0.085,0.322,-0.4,-0.378
C,I,-0.415,-0.161,-0.262,-0.298,-0.091,-0.283
C,L,-0.061,-0.072,-0.259,-0.317,0.031,-0.093
C,K,1.115,-0.279,0.089,0.021,0.001,-0.014
C,M,-0.032,-0.307,-0.177,0.163,-0.224,0.095
C,F,-0.095,-0.407,-0.439,-0.031,-0.055,-0.175
C,P,-0.199,0.777,-0.1,0.222,0.18,-0.043
C,S,-0.164,-0.188,-0.199,-0.22,-0.015,-0.353
C,T,0.021,0.206,-0.01,-0.074,-0.244,0.0
C,W,0.08,-0.761,-0.65,-0.442,-0.203,0.113
C,Y,0.069,-0.24,0.302,0.253,-0.215,-0.135
C,V,-0.026,-0.325,-0.163,0.051,0.019,-0.114
Q,A,-0.008,-0.029,0.059,-0.03,0.19,-0.066
Q,R,0.222,-0.297,-0.084,-0.022,-0.273,-0.222
Q,N,-0.187,-0.224,-0.296,-0.201,0.08,-0.125
Q,D,-0.128,-0.194,-0.241,-0.143,-0.043,0.001
Q,C,0.487,-0.158,-0.491,0.058,0.017,0.327
Q,Q,-0.43,-0.001,0.316,0.039,-0.2,0.184
Q,E,-0.728,0.081,0.087,-0.2,-0.116,-0.052
Q,G,-0.072,0.086,-0.177,-0.125,-0.062,-0.065
Q,H,0.247,0.374,-0.311,0.056,-0.034,0.067
Q,I,0.02,0.375,0.059,0.239,0.027,0.078
Q,L,0.391,-0.022,0.061,0.266,-0.015,-0.054
Q,K,-0.181,-0.173,0.222,-0.225,0.051,-0.059
Q,M,0.013,-0.014,0.543,0.005,0.311,0.284
Q,F,0.283,0.252,0.273,0.099,0.188,0.011
Q,P,-0.545,-0.496,0.044,0.228,-0.076,-0.118
Q,S,0.298,-0.175,-0.126,0.117,-0.104,0.083
Q,T,0.06,-0.093,-0.041,0.008,-0.012,-0.054
Q,W,0.459,0.712,0.204,-0.244,0.112,-0.297
Q,Y,-0.036,-0.092,-0.211,-0.059,0.042,0.132
Q,V,-0.191,0.148,0.13,0.026,-0.026,-0.005
E,A,0.182,0.194,0.155,-0.031,0.092,0.117
E,R,-0.717,-0.594,-0.602,-0.112,-0.083,-0.412
E,N,-0.262,-0.669,-0.293,-0.138,-0.235,-0.123
E,D,-0.178,0.301,-0.123,-0.173,0.248,-0.157
E,C,0.121,-0.007,0.106,-0.117,0.422,0.052
E,Q,-0.728,0.081,0.087,-0.2,-0.116,-0.052
E,E,1.06,-0.216,-0.429,0.501,-0.086,0.062
E,G,-0.041,0.02,0.164,0.141,-0.052,-0.089
E,H,0.072,-0.166,-0.616,-0.429,-0.18,-0.003
E,I,0.385,0.537,0.464,0.158,-0.019,0.122
E,L,0.48,0.286,0.308,0.179,0.084,0.073
E,K,-0.782,-0.897,-0.736,-0.382,-0.493,-0.118
E,M,0.188,0.163,0.187,0.611,0.155,0.23
E,F,0.27,0.048,0.402,0.069,0.205,0.186
E,P,-0.064,0.13,-0.346,-0.316,-0.225,0.008
E,S,-0.207,-0.249,0.077,-0.044,0.003,-0.066
E,T,-0.006,0.094,0.061,0.089,0.06,-0.056
E,W,-0.089,-0.02,0.153,-0.222,-0.014,0.17
E,Y,-0.004,0.693,0.187,0.1,0.146,-0.072
E,V,0.255,0.159,0.597,0.105,0.036,0.121
G,A,0.282,-0.165,-0.099,0.059,-0.061,-0.017
G,R,-0.037,-0.236,-0.089,-0.102,-0.087,0.017
G,N,-0.097,0.271,-0.178,-0.078,-0.17,0.074
G,D,-0.336,-0.157,-0.166,-0.167,-0.106,-0.067
G,C,-0.187,0.094,0.028,-0.082,0.105,-0.124
G,Q,-0.072,0.086,-0.177,-0.125,-0.062,-0.065
G,E,-0.041,0.02,0.164,0.141,-0.052,-0.089
G,G,-0.068,-0.188,-0.21,-0.298,-0.122,-0.113
G,H,0.127,0.077,0.026,0.247,-0.144,0.072
G,I,0.127,0.585,0.268,0.114,0.081,0.181
G,L,-0.004,0.154,0.311,0.115,0.174,0.066
G,K,0.065,0.233,-0.325,-0.199,0.077,0.017
G,M,0.084,0.126,0.276,0.062,0.026,-0.034
G,F,0.457,0.071,0.357,0.378,-0.065,0.036
G,P,0.127,-0.133,-0.293,0.059,-0.053,0.033
G,S,-0.1,-0.076,-0.255,-0.166,0.006,0.012
G,T,-0.106,-0.306,-0.044,-0.252,-0.117,-0.165
G,W,0.036,-0.138,0.147,0.277,0.144,0.046
G,Y,0.121,-0.192,0.047,0.018,0.184,-0.015
G,V,0.141,0.122,0.098,0.03,0.165,0.025
H,A,-0.079,-0.052,0.223,-0.046,0.132,0.183
H,R,0.111,-0.013,0.255,-0.257,-0.238,0.149
H,N,-0.141,-0.219,-0.325,-0.196,-0.039,0.084
H,D,-0.27,-1.299,-0.189,-0.266,-0.123,-0.067
H,C,-0.187,-0.421,-0.085,0.322,-0.4,-0.378
H,Q,0.247,0.374,-0.311,0.056,-0.034,0.067
H,E,0.072,-0.166,-0.616,-0.429,-0.18,-0.003
H,G,0.127,0.077,0.026,0.247,-0.144,0.072
H,H,0.392,0.74,0.818,0.528,0.104,-0.067
H,I,-0.062,0.06,0.437,0.25,0.233,-0.276
H,L,0.029,0.196,0.018,0.207,0.136,0.252
H,K,-0.235,0.62,0.369,0.32,0.188,-0.039
H,M,0.293,0.918,0.452,-0.137,-0.016,-0.33
H,F,-0.141,-0.191,0.081,-0.334,-0.198,0.237
H,P,0.037,-0.242,-0.057,-0.265,0.466,-0.167
H,S,0.08,-0.365,-0.336,-0.215,-0.071,-0.006
H,T,0.061,0.011,-0.264,-0.053,-0.074,0.094
H,W,-0.098,-0.397,-0.7,0.244,0.016,0.061
H,Y,-0.305,-0.107,0.113,0.024,0.037,0.093
H,V,0.006,0.499,0.107,0.188,0.185,-0.054
I,A,-0.535,-0.386,0.108,-0.041,-0.094,0.032
I,R,-0.014,-0.111,0.037,-0.04,0.181,0.116
I,N,0.456,0.881,0.57,0.199,0.081,0.079
I,D,0.229,0.099,0.275,0.447,0.293,0.146
I,C,-0.415,-0.161,-0.262,-0.298,-0.091,-0.283
I,Q,0.02,0.375,0.059,0.239,0.027,0.078
I,E,0.385,0.537,0.464,0.158,-0.019,0.122
I,G,0.127,0.585,0.268,0.114,0.081,0.181
I,H,-0.062,0.06,0.437,0.25,0.233,-0.276
I,I,-0.051,-0.531,-0.698,-0.238,0.225,0.092
I,L,-0.223,-0.51,-0.702,-0.347,-0.071,-0.03
I,K,-0.058,-0.075,0.086,0.321,-0.001,0.086
I,M,-0.103,-0.209,-0.221,-0.314,-0.317,-0.247
I,F,-0.348,-0.313,-0.326,-0.304,-0.269,-0.061
I,P,0.382,-0.035,-0.088,0.133,0.145,0.196
I,S,0.254,0.411,0.476,0.133,0.011,-0.012
I,T,0.167,0.017,-0.073,0.097,-0.053,0.026
I,W,-0.505,-0.21,0.233,-0.105,-0.037,-0.237
I,Y,-0.1,0.031,0.001,-0.063,-0.057,0.039
I,V,-0.253,-0.633,-0.453,-0.234,-0.103,-0.068
L,A,-0.245,-0.232,-0.163,0.047,0.047,-0.034
L,R,0.374,0.042,0.113,0.288,0.05,0.052
L,N,0.43,9.329,0.49,0.36,0.114,0.077
L,D,0.316,0.141,0.501,0.322,0.237,0.124
L,C,-0.061,-0.072,-0.259,-0.317,0.031,-0.093
L,Q,0.391,-0.022,0.061,0.266,-0.015,-0.054
L,E,0.48,0.286,0.308,0.179,0.084,0.073
L,G,-0.004,0.154,0.311,0.115,0.174,0.066
L,H,0.029,0.196,0.018,0.207,0.136,0.252
L,I,-0.223,-0.51,-0.702,-0.347,-0.071,-0.03
L,L,-0.07,-0.265,-0.594,-0.542,-0.124,0.003
L,K,-0.015,0.142,0.278,0.342,0.072,-0.017
L,M,-0.253,-0.171,-0.231,-0.178,-0.059,-0.118
L,F,-0.46,-0.184,-0.333,-0.233,-0.198,-0.201
L,P,-0.17,-0.047,0.396,-0.054,-0.058,0.034
L,S,0.39,0.308,0.451,0.151,0.003,0.03
L,T,0.075,0.205,0.02,0.003,0.045,0.007
L,W,-0.635,-0.008,-0.283,-0.116,-0.128,-0.009
L,Y,-0.289,-0.995,0.085,-0.087,-0.134,-0.003
L,V,-0.454,-0.592,-0.589,-0.227,-0.043,-0.026
K,A,0.063,0.429,-0.044,-0.016,-0.018,0.029
K,R,0.734,0.643,0.592,0.02,0.118,0.211
K,N,0.222,-0.124,-0.052,-0.044,-0.002,-0.115
K,D,-0.759,-0.674,-0.615,-0.369,-0.263,0.044
K,C,1.115,-0.279,0.089,0.021,0.001,-0.014
K,Q,-0.181,-0.173,0.222,-0.225,0.051,-0.059
K,E,-0.782,-0.897,-0.736,-0.382,-0.493,-0.118
K,G,0.065,0.233,-0.325,-0.199,0.077,0.017
K,H,-0.235,0.62,0.369,0.32,0.188,-0.039
K,I,-0.058,-0.075,0.086,0.321,-0.001,0.086
K,L,-0.015,0.142,0.278,0.342,0.072,-0.017
K,K,0.567,0.277,0.34,-0.138,-0.072,-0.262
K,M,0.347,0.188,-0.089,0.138,0.123,0.105
K,F,0.259,-0.279,0.02,0.157,0.255,0.119
K,P,0.068,0.049,-0.279,-0.055,0.044,-0.05
K,S,-0.246,-0.099,0.107,-0.292,0.049,0.057
K,T,-0.17,-0.19,0.159,-0.059,-0.024,0.086
K,W,-0.822,0.461,-0.036,0.218,0.009,-0.179
K,Y,-0.294,-0.536,0.011,0.197,0.039,0.056
K,V,0.253,0.427,0.035,0.027,-0.142,0.015
M,A,-0.364,0.129,0.033,-0.262,-0.172,-0.087
M,R,0.509,0.324,-0.528,0.262,0.058,0.085
M,N,0.405,-0.12,-0.144,0.152,0.006,0.139
M,D,0.097,0.044,0.525,0.121,0.495,0.035
M,C,-0.032,-0.307,-0.177,0.163,-0.224,0.095
M,Q,0.013,-0.014,0.543,0.005,0.311,0.284
M,E,0.188,0.163,0.187,0.611,0.155,0.23
M,G,0.084,0.126,0.276,0.062,0.026,-0.034
M,H,0.293,0.918,0.452,-0.137,-0.016,-0.33
M,I,-0.103,-0.209,-0.221,-0.314,-0.317,-0.247
M,L,-0.253,-0.171,-0.231,-0.178,-0.059,-0.118
M,K,0.347,0.188,-0.089,0.138,0.123,0.105
M,M,-0.006,-0.28,-0.454,0.473,0.332,0.283
M,F,-0.501,-0.087,-0.438,-0.288,-0.225,-0.153
M,P,-0.104,-0.1,0.096,-0.252,-0.167,0.023
M,S,0.259,0.089,0.062,-0.011,-0.056,0.081
M,T,0.087,0.296,0.483,0.089,0.172,-0.209
M,W,-0.783,-0.331,-0.036,-0.293,-0.338,0.093
M,Y,-0.218,-0.296,-0.119,-0.226,-0.069,-0.172
M,V,-0.265,-0.358,-0.364,-0.068,-0.009,0.036
F,A,0.132,-0.378,-0.244,-0.002,-0.005,0.007
F,R,-0.018,0.036,-0.157,0.014,0.194,-0.043
F,N,0.336,0.453,0.362,0.328,0.13,0.031
F,D,0.118,0.703,0.237,0.27,0.239,-0.022
F,C,-0.095,-0.407,-0.439,-0.031,-0.055,-0.175
F,Q,0.283,0.252,0.273,0.099,0.188,0.011
F,E,0.27,0.048,0.402,0.069,0.205,0.186
F,G,0.457,0.071,0.357,0.378,-0.065,0.036
F,H,-0.141,-0.191,0.081,-0.334,-0.198,0.237
F,I,-0.348,-0.313,-0.326,-0.304,-0.269,-0.061
F,L,-0.46,-0.184,-0.333,-0.233,-0.198,-0.201
F,K,0.259,-0.279,0.02,0.157,0.255,0.119
F,M,-0.501,-0.087,-0.438,-0.288,-0.225,-0.153
F,F,-0.163,-0.162,-0.198,-0.224,-0.04,-0.127
F,P,-0.083,-0.018,0.458,0.143,-0.093,0.203
F,S,0.357,0.162,0.03,0.029,0.341,0.118
F,T,0.058,0.411,0.25,-0.061,-0.051,0.038
F,W,-0.185,0.103,-0.24,-0.243,-0.053,-0.041
F,Y,-0.335,-0.04,-0.088,0.185,-0.068,-0.01
F,V,-0.288,-0.264,-0.215,-0.116,-0.168,-0.078
P,A,0.022,0.128,0.08,-0.09,-0.065,0.0
P,R,-0.176,0.243,-0.2,0.093,-0.589,0.052
P,N,0.109,-0.05,-0.105,-0.062,-0.047,-0.211
P,D,0.175,0.264,0.065,-0.073,-0.337,-0.027
P,C,-0.199,0.777,-0.1,0.222,0.18,-0.043
P,Q,-0.545,-0.496,0.044,0.228,-0.076,-0.118
P,E,-0.064,0.13,-0.346,-0.316,-0.225,0.008
P,G,0.127,-0.133,-0.293,0.059,-0.053,0.033
P,H,0.037,-0.242,-0.057,-0.265,0.466,-0.167
P,I,0.382,-0.035,-0.088,0.133,0.145,0.196
P,L,-0.17,-0.047,0.396,-0.054,-0.058,0.034
P,K,0.068,0.049,-0.279,-0.055,0.044,-0.05
P,M,-0.104,-0.1,0.096,-0.252,-0.167,0.023
P,F,-0.083,-0.018,0.458,0.143,-0.093,0.203
P,P,0.033,0.132,0.134,0.088,0.281,-0.124
P,S,0.057,-0.087,-0.022,-0.117,0.132,0.01
P,T,0.108,-0.151,-0.038,0.018,0.079,0.069
P,W,-0.312,-0.181,-0.017,0.186,0.194,0.02
P,Y,0.071,0.041,0.119,0.032,0.002,-0.076
P,V,0.358,-0.111,0.136,0.164,0.224,0.082
S,A,0.115,0.187,-0.116,0.056,-0.069,-0.051
S,R,-0.263,0.121,0.126,-0.115,0.011,0.105
S,N,-0.334,-0.358,-0.585,0.065,-0.133,0.021
S,D,-0.565,-0.339,-0.199,-0.036,-0.043,-0.03
S,C,-0.164,-0.188,-0.199,-0.22,-0.015,-0.353
S,Q,0.298,-0.175,-0.126,0.117,-0.104,0.083
S,E,-0.207,-0.249,0.077,-0.044,0.003,-0.066
S,G,-0.1,-0.076,-0.255,-0.166,0.006,0.012
S,H,0.08,-0.365,-0.336,-0.215,-0.071,-0.006
S,I,0.254,0.411,0.476,0.133,0.011,-0.012
S,L,0.39,0.308,0.451,0.151,0.003,0.03
S,K,-0.246,-0.099,0.107,-0.292,0.049,0.057
S,M,0.259,0.089,0.062,-0.011,-0.056,0.081
S,F,0.357,0.162,0.03,0.029,0.341,0.118
S,P,0.057,-0.087,-0.022,-0.117,0.132,0.01
S,S,-0.15,0.021,-0.255,-0.05,-0.027,-0.002
S,T,-0.43,0.033,-0.169,-0.056,-0.02,-0.05
S,W,0.298,-0.067,0.396,0.231,0.025,-0.108
S,Y,0.442,0.381,0.135,0.111,-0.042,-0.013
S,V,0.316,0.186,0.403,0.28,-0.077,0.005
T,A,0.002,-0.197,-0.003,0.005,-0.023,0.084
T,R,0.25,-0.187,-0.04,0.137,0.085,-0.003
T,N,-0.018,-0.121,-0.182,-0.003,-0.068,0.126
T,D,-0.433,-0.124,-0.034,-0.179,-0.061,0.036
T,C,0.021,0.206,-0.01,-0.074,-0.244,0.0
T,Q,0.06,-0.093,-0.041,0.008,-0.012,-0.054
T,E,-0.006,0.094,0.061,0.089,0.06,-0.056
T,G,-0.106,-0.306,-0.044,-0.252,-0.117,-0.165
T,H,0.061,0.011,-0.264,-0.053,-0.074,0.094
T,I,0.167,0.017,-0.073,0.097,-0.053,0.026
T,L,0.075,0.205,0.02,0.003,0.045,0.007
T,K,-0.17,-0.19,0.159,-0.059,-0.024,0.086
T,M,0.087,0.296,0.483,0.089,0.172,-0.209
T,F,0.058,0.411,0.25,-0.061,-0.051,0.038
T,P,0.108,-0.151,-0.038,0.018,0.079,0.069
T,S,-0.43,0.033,-0.169,-0.056,-0.02,-0.05
T,T,-0.315,-0.359,-0.289,0.125,0.209,-0.085
T,W,0.04,3.183,0.516,0.188,-0.032,-0.107
T,Y,0.492,0.187,-0.068,-0.128,0.144,0.102
T,V,0.251,0.039,-0.024,0.056,-0.122,-0.015
W,A,0.117,-0.048,-0.213,-0.181,-0.083,0.056
W,R,-0.244,-0.05,0.242,-0.288,0.051,-0.221
W,N,0.538,0.424,-0.12,0.062,0.141,0.265
W,D,1.287,0.386,-0.126,0.263,-0.148,0.108
W,C,0.08,-0.761,-0.65,-0.442,-0.203,0.113
W,Q,0.459,0.712,0.204,-0.244,0.112,-0.297
W,E,-0.089,-0.02,0.153,-0.222,-0.014,0.17
W,G,0.036,-0.138,0.147,0.277,0.144,0.046
W,H,-0.098,-0.397,-0.7,0.244,0.016,0.061
W,I,-0.505,-0.21,0.233,-0.105,-0.037,-0.237
W,L,-0.635,-0.008,-0.283,-0.116,-0.128,-0.009
W,K,-0.822,0.461,-0.036,0.218,0.009,-0.179
W,M,-0.783,-0.331,-0.036,-0.293,-0.338,0.093
W,F,-0.185,0.103,-0.24,-0.243,-0.053,-0.041
W,P,-0.312,-0.181,-0.017,0.186,0.194,0.02
W,S,0.298,-0.067,0.396,0.231,0.025,-0.108
W,T,0.04,3.183,0.516,0.188,-0.032,-0.107
W,W,0.707,4.256,0.743,0.715,0.302,0.473
W,Y,-0.105,0.036,-0.152,-0.069,0.081,0.028
W,V,-0.034,-0.224,-0.148,-0.081,0.012,-0.093
Y,A,-0.03,-3.035,-0.102,0.075,-0.03,-0.082
Y,R,0.044,0.03,-0.186,0.091,0.158,0.072
Y,N,-0.491,-0.023,-0.181,0.126,0.085,0.106
Y,D,0.694,0.38,-0.089,-0.257,-0.188,-0.197
Y,C,0.069,-0.24,0.302,0.253,-0.215,-0.135
Y,Q,-0.036,-0.092,-0.211,-0.059,0.042,0.132
Y,E,-0.004,0.693,0.187,0.1,0.146,-0.072
Y,G,0.121,-0.192,0.047,0.018,0.184,-0.015
Y,H,-0.305,-0.107,0.113,0.024,0.037,0.093
Y,I,-0.1,0.031,0.001,-0.063,-0.057,0.039
Y,L,-0.289,-0.995,0.085,-0.087,-0.134,-0.003
Y,K,-0.294,-0.536,0.011,0.197,0.039,0.056
Y,M,-0.218,-0.296,-0.119,-0.226,-0.069,-0.172
Y,F,-0.335,-0.04,-0.088,0.185,-0.068,-0.01
Y,P,0.071,0.041,0.119,0.032,0.002,-0.076
Y,S,0.442,0.381,0.135,0.111,-0.042,-0.013
Y,T,0.492,0.187,-0.068,-0.128,0.144,0.102
Y,W,-0.105,0.036,-0.152,-0.069,0.081,0.028
Y,Y,0.211,0.121,0.269,-0.251,0.032,0.229
Y,V,0.075,0.122,-0.068,-0.059,-0.137,-0.074
V,A,-0.359,0.069,-0.067,-0.037,-0.028,-0.061
V,R,-0.011,0.458,0.383,-0.006,0.301,0.047
V,N,0.158,0.311,0.385,0.179,0.234,0.1
V,D,0.442,0.378,0.356,0.122,0.105,0.112
V,C,-0.026,-0.325,-0.163,0.051,0.019,-0.114
V,Q,-0.191,0.148,0.13,0.026,-0.026,-0.005
V,E,0.255,0.159,0.597,0.105,0.036,0.121
V,G,0.141,0.122,0.098,0.03,0.165,0.025
V,H,0.006,0.499,0.107,0.188,0.185,-0.054
V,I,-0.253,-0.633,-0.453,-0.234,-0.103,-0.068
V,L,-0.454,-0.592,-0.589,-0.227,-0.043,-0.026
V,K,0.253,0.427,0.035,0.027,-0.142,0.015
V,M,-0.265,-0.358,-0.364,-0.068,-0.009,0.036
V,F,-0.288,-0.264,-0.215,-0.116,-0.168,-0.078
V,P,0.358,-0.111,0.136,0.164,0.224,0.082
V,S,0.316,0.186,0.403,0.28,-0.077,0.005
V,T,0.251,0.039,-0.024,0.056,-0.122,-0.015
V,W,-0.034,-0.224,-0.148,-0.081,0.012,-0.093
V,Y,0.075,0.122,-0.068,-0.059,-0.137,-0.074
V,V,-0.641,-0.405,-0.357,-0.162,-0.341,0.051
