A	-0.241	0.079	-0.017	-0.067	-0.074	-0.072
R	0.370	0.201	0.137	0.111	0.062	0,095
N	0.325	0.222	0.260	0.182	0.238	0.172
D	0.378	0.444	0.275	0.223	0.193	0.215
C	-0.327	-0.380	-0.271	-0.264	-0.427	-0.279											
Q	0.291	0.211	0.240	0.178	0.192	0.123
E	0.465	0.393	0.348	0.290	0.238	0.219
G	-0.008	0.184	0.044	0.075	0.082	0.108
H	-0.045	0.031	-0.044	-0.084	-0.049	-0.067
I	-0.290	-0.444	-0.252	-0.257	-0.233	-0.266											
L	-0.133	-0.352	-0.277	-0.143	-0.196	-0.187											
R	0.498	0.480	0.439	0.321	0.283	0.253
M	-0.197	-0.136	-0.335	-0.243	-0.223	-0.168
F	-0.257	-0.230	-0.315	-0.382	-0.213	-0.212
P	-0.017	0.218	0.062	0.122	0.143	0.119
S	0.101	0.147	0.183	0.101	0.117	0.078
T	0.060	0.084	0.114	0.073	0.031	0.031
W	-0.180	-0.159	-0.247	-0.216	-0.239	-0.153
Y	-0.224	-0.228	-0.236	-0.248	-0.178	-0.180
V	-0.286	-0.275	-0.175	-0.129	-0.217	-0.207
p	0.024	-0.052	-0.008	-0.006	0.000	-0.015
