ag_left,ag_right,tcr_left,tcr_right,corr10
-4,0,-4,0,0.002621
-4,0,-4,1,0.002621
-4,0,-4,2,0.002621
-4,0,-4,3,0.002621
-4,0,-4,4,0.002621
-4,0,-3,0,-0.010037
-4,0,-3,1,-0.010037
-4,0,-3,2,-0.010037
-4,0,-3,3,-0.010037
-4,0,-3,4,-0.010037
-4,0,-2,0,-0.159098
-4,0,-2,1,-0.160869
-4,0,-2,2,-0.160869
-4,0,-2,3,-0.160869
-4,0,-2,4,-0.160869
-4,0,-1,0,-0.167672
-4,0,-1,1,-0.169438
-4,0,-1,2,-0.169438
-4,0,-1,3,-0.169438
-4,0,-1,4,-0.169438
-4,0,0,0,-0.141098
-4,0,0,1,-0.142384
-4,0,0,2,-0.142384
-4,0,0,3,-0.142384
-4,0,0,4,-0.142384
-4,1,-4,0,0.002621
-4,1,-4,1,0.002621
-4,1,-4,2,0.002621
-4,1,-4,3,0.002621
-4,1,-4,4,0.002621
-4,1,-3,0,-0.010037
-4,1,-3,1,-0.010037
-4,1,-3,2,-0.010037
-4,1,-3,3,-0.010037
-4,1,-3,4,-0.010037
-4,1,-2,0,-0.159098
-4,1,-2,1,-0.160869
-4,1,-2,2,-0.160869
-4,1,-2,3,-0.160869
-4,1,-2,4,-0.160869
-4,1,-1,0,-0.167672
-4,1,-1,1,-0.169438
-4,1,-1,2,-0.169438
-4,1,-1,3,-0.169438
-4,1,-1,4,-0.169438
-4,1,0,0,-0.141098
-4,1,0,1,-0.142384
-4,1,0,2,-0.142384
-4,1,0,3,-0.142384
-4,1,0,4,-0.142384
-3,0,-4,0,0.017813
-3,0,-4,1,0.017813
-3,0,-4,2,0.017813
-3,0,-4,3,0.017813
-3,0,-4,4,0.017813
-3,0,-3,0,-0.012376
-3,0,-3,1,-0.012376
-3,0,-3,2,-0.012376
-3,0,-3,3,-0.012376
-3,0,-3,4,-0.012376
-3,0,-2,0,-0.146501
-3,0,-2,1,-0.148441
-3,0,-2,2,-0.148441
-3,0,-2,3,-0.148441
-3,0,-2,4,-0.148441
-3,0,-1,0,-0.165516
-3,0,-1,1,-0.167524
-3,0,-1,2,-0.167524
-3,0,-1,3,-0.167524
-3,0,-1,4,-0.167524
-3,0,0,0,-0.176616
-3,0,0,1,-0.178626
-3,0,0,2,-0.178626
-3,0,0,3,-0.178626
-3,0,0,4,-0.178626
-3,1,-4,0,0.017813
-3,1,-4,1,0.017813
-3,1,-4,2,0.017813
-3,1,-4,3,0.017813
-3,1,-4,4,0.017813
-3,1,-3,0,-0.012376
-3,1,-3,1,-0.012376
-3,1,-3,2,-0.012376
-3,1,-3,3,-0.012376
-3,1,-3,4,-0.012376
-3,1,-2,0,-0.146501
-3,1,-2,1,-0.148441
-3,1,-2,2,-0.148441
-3,1,-2,3,-0.148441
-3,1,-2,4,-0.148441
-3,1,-1,0,-0.165516
-3,1,-1,1,-0.167524
-3,1,-1,2,-0.167524
-3,1,-1,3,-0.167524
-3,1,-1,4,-0.167524
-3,1,0,0,-0.176616
-3,1,0,1,-0.178626
-3,1,0,2,-0.178626
-3,1,0,3,-0.178626
-3,1,0,4,-0.178626
-2,0,-4,0,0.072819
-2,0,-4,1,0.072819
-2,0,-4,2,0.072819
-2,0,-4,3,0.072819
-2,0,-4,4,0.072819
-2,0,-3,0,0.067203
-2,0,-3,1,0.067203
-2,0,-3,2,0.067203
-2,0,-3,3,0.067203
-2,0,-3,4,0.067203
-2,0,-2,0,-0.087446
-2,0,-2,1,-0.087446
-2,0,-2,2,-0.087446
-2,0,-2,3,-0.087446
-2,0,-2,4,-0.087446
-2,0,-1,0,-0.091267
-2,0,-1,1,-0.091267
-2,0,-1,2,-0.091267
-2,0,-1,3,-0.091267
-2,0,-1,4,-0.091267
-2,0,0,0,-0.095121
-2,0,0,1,-0.095121
-2,0,0,2,-0.095121
-2,0,0,3,-0.095121
-2,0,0,4,-0.095121
-2,1,-4,0,0.072819
-2,1,-4,1,0.072819
-2,1,-4,2,0.072819
-2,1,-4,3,0.072819
-2,1,-4,4,0.072819
-2,1,-3,0,0.067203
-2,1,-3,1,0.067203
-2,1,-3,2,0.067203
-2,1,-3,3,0.067203
-2,1,-3,4,0.067203
-2,1,-2,0,-0.087446
-2,1,-2,1,-0.087446
-2,1,-2,2,-0.087446
-2,1,-2,3,-0.087446
-2,1,-2,4,-0.087446
-2,1,-1,0,-0.091267
-2,1,-1,1,-0.091267
-2,1,-1,2,-0.091267
-2,1,-1,3,-0.091267
-2,1,-1,4,-0.091267
-2,1,0,0,-0.095121
-2,1,0,1,-0.095121
-2,1,0,2,-0.095121
-2,1,0,3,-0.095121
-2,1,0,4,-0.095121
-1,0,-4,0,0.003501
-1,0,-4,1,0.003501
-1,0,-4,2,0.003501
-1,0,-4,3,0.003501
-1,0,-4,4,0.003501
-1,0,-3,0,0.035469
-1,0,-3,1,0.035469
-1,0,-3,2,0.035469
-1,0,-3,3,0.035469
-1,0,-3,4,0.035469
-1,0,-2,0,-0.116743
-1,0,-2,1,-0.116743
-1,0,-2,2,-0.116743
-1,0,-2,3,-0.116743
-1,0,-2,4,-0.116743
-1,0,-1,0,-0.136184
-1,0,-1,1,-0.136184
-1,0,-1,2,-0.136184
-1,0,-1,3,-0.136184
-1,0,-1,4,-0.136184
-1,0,0,0,-0.143802
-1,0,0,1,-0.143802
-1,0,0,2,-0.143802
-1,0,0,3,-0.143802
-1,0,0,4,-0.143802
-1,1,-4,0,0.003501
-1,1,-4,1,0.003501
-1,1,-4,2,0.003501
-1,1,-4,3,0.003501
-1,1,-4,4,0.003501
-1,1,-3,0,0.035469
-1,1,-3,1,0.035469
-1,1,-3,2,0.035469
-1,1,-3,3,0.035469
-1,1,-3,4,0.035469
-1,1,-2,0,-0.116743
-1,1,-2,1,-0.116743
-1,1,-2,2,-0.116743
-1,1,-2,3,-0.116743
-1,1,-2,4,-0.116743
-1,1,-1,0,-0.136184
-1,1,-1,1,-0.136184
-1,1,-1,2,-0.136184
-1,1,-1,3,-0.136184
-1,1,-1,4,-0.136184
-1,1,0,0,-0.143802
-1,1,0,1,-0.143802
-1,1,0,2,-0.143802
-1,1,0,3,-0.143802
-1,1,0,4,-0.143802
0,0,-4,0,0.084480
0,0,-4,1,0.084480
0,0,-4,2,0.084480
0,0,-4,3,0.084480
0,0,-4,4,0.084480
0,0,-3,0,0.103914
0,0,-3,1,0.103914
0,0,-3,2,0.103914
0,0,-3,3,0.103914
0,0,-3,4,0.103914
0,0,-2,0,-0.011527
0,0,-2,1,-0.011654
0,0,-2,2,-0.011654
0,0,-2,3,-0.011654
0,0,-2,4,-0.011654
0,0,-1,0,0.006872
0,0,-1,1,0.006775
0,0,-1,2,0.006775
0,0,-1,3,0.006775
0,0,-1,4,0.006775
0,0,0,0,-0.036559
0,0,0,1,-0.036802
0,0,0,2,-0.036802
0,0,0,3,-0.036802
0,0,0,4,-0.036802
0,1,-4,0,0.084480
0,1,-4,1,0.084480
0,1,-4,2,0.084480
0,1,-4,3,0.084480
0,1,-4,4,0.084480
0,1,-3,0,0.103914
0,1,-3,1,0.103914
0,1,-3,2,0.103914
0,1,-3,3,0.103914
0,1,-3,4,0.103914
0,1,-2,0,-0.011527
0,1,-2,1,-0.011654
0,1,-2,2,-0.011654
0,1,-2,3,-0.011654
0,1,-2,4,-0.011654
0,1,-1,0,0.006872
0,1,-1,1,0.006775
0,1,-1,2,0.006775
0,1,-1,3,0.006775
0,1,-1,4,0.006775
0,1,0,0,-0.036559
0,1,0,1,-0.036802
0,1,0,2,-0.036802
0,1,0,3,-0.036802
0,1,0,4,-0.036802
