0.000000000000000000e+00
2.328697681427001953e+00
3.429600477218627930e+00
5.486568450927734375e+00
7.316678047180175781e+00
8.250524520874023438e+00
1.050731182098388672e+01
1.300608634948730469e+01
1.202858734130859375e+01
1.147946071624755859e+01
8.852804183959960938e+00
7.908799171447753906e+00
5.945195198059082031e+00
0.000000000000000000e+00
2.614350795745849609e+00
3.393366336822509766e+00
5.985475540161132812e+00
7.876393318176269531e+00
8.216073989868164062e+00
1.073981475830078125e+01
1.347940540313720703e+01
1.245013236999511719e+01
1.186696815490722656e+01
8.916183471679687500e+00
7.957197189331054688e+00
5.782122135162353516e+00
0.000000000000000000e+00
2.589445590972900391e+00
3.084727048873901367e+00
5.569359302520751953e+00
5.842310905456542969e+00
5.635476112365722656e+00
8.512439727783203125e+00
1.088870048522949219e+01
1.062741088867187500e+01
1.073243045806884766e+01
7.404510021209716797e+00
7.793863773345947266e+00
6.071858882904052734e+00
0.000000000000000000e+00
2.451093196868896484e+00
3.625819683074951172e+00
5.505634784698486328e+00
6.952394962310791016e+00
7.135661125183105469e+00
9.123332977294921875e+00
1.194918346405029297e+01
1.139815616607666016e+01
1.104097080230712891e+01
8.929228782653808594e+00
8.209337234497070312e+00
5.596294879913330078e+00
0.000000000000000000e+00
2.387850522994995117e+00
3.648701667785644531e+00
5.559502601623535156e+00
6.893446922302246094e+00
6.200317859649658203e+00
9.028199195861816406e+00
1.153505134582519531e+01
1.150006961822509766e+01
1.103387546539306641e+01
8.922183036804199219e+00
8.186983108520507812e+00
5.536114692687988281e+00
0.000000000000000000e+00
2.368249893188476562e+00
3.669955730438232422e+00
5.405160427093505859e+00
6.877684116363525391e+00
6.815113067626953125e+00
9.443333625793457031e+00
1.195475101470947266e+01
1.133693027496337891e+01
1.101497268676757812e+01
8.933790206909179688e+00
8.189900398254394531e+00
5.471597194671630859e+00
0.000000000000000000e+00
2.410707235336303711e+00
3.638889789581298828e+00
5.347654342651367188e+00
6.751482486724853516e+00
6.616761207580566406e+00
8.937692642211914062e+00
1.166876125335693359e+01
1.122586345672607422e+01
1.094551849365234375e+01
8.994973182678222656e+00
8.251182556152343750e+00
5.609022617340087891e+00
0.000000000000000000e+00
2.225333213806152344e+00
2.731607198715209961e+00
3.609243154525756836e+00
3.711741685867309570e+00
3.953413486480712891e+00
4.336329460144042969e+00
7.439509868621826172e+00
8.613538742065429688e+00
9.442989349365234375e+00
6.883492469787597656e+00
7.501786708831787109e+00
5.580848693847656250e+00
0.000000000000000000e+00
2.451042175292968750e+00
3.378202676773071289e+00
5.271600246429443359e+00
7.402065277099609375e+00
7.737146854400634766e+00
1.058580112457275391e+01
1.280797290802001953e+01
1.132874393463134766e+01
1.103376674652099609e+01
8.339693069458007812e+00
7.788626194000244141e+00
5.748523712158203125e+00
0.000000000000000000e+00
2.439955949783325195e+00
3.387825489044189453e+00
5.167957782745361328e+00
7.172045707702636719e+00
7.501627445220947266e+00
1.013863277435302734e+01
1.244585895538330078e+01
1.110366153717041016e+01
1.093070888519287109e+01
8.322444915771484375e+00
7.773671627044677734e+00
5.738526821136474609e+00
0.000000000000000000e+00
2.447573184967041016e+00
3.317334413528442383e+00
5.246572494506835938e+00
7.393002986907958984e+00
7.721776962280273438e+00
1.052800750732421875e+01
1.273267078399658203e+01
1.128253364562988281e+01
1.108920574188232422e+01
8.445693969726562500e+00
7.874172687530517578e+00
5.862871646881103516e+00
0.000000000000000000e+00
2.487937688827514648e+00
3.434061050415039062e+00
5.317201614379882812e+00
7.403541564941406250e+00
7.719980716705322266e+00
1.043347263336181641e+01
1.261291599273681641e+01
1.127210426330566406e+01
1.112910652160644531e+01
8.453574180603027344e+00
7.891035556793212891e+00
5.765146732330322266e+00
0.000000000000000000e+00
2.395243406295776367e+00
3.517005205154418945e+00
5.889756202697753906e+00
7.633941650390625000e+00
6.883812427520751953e+00
9.718523025512695312e+00
1.053671073913574219e+01
1.201033115386962891e+01
1.062499904632568359e+01
7.789710998535156250e+00
8.122956275939941406e+00
6.016944885253906250e+00
0.000000000000000000e+00
2.682937145233154297e+00
3.310835361480712891e+00
5.465616226196289062e+00
6.188156604766845703e+00
4.900700092315673828e+00
5.041221618652343750e+00
8.741289138793945312e+00
9.583672523498535156e+00
9.752133369445800781e+00
7.173008918762207031e+00
7.811599254608154297e+00
5.828649520874023438e+00
0.000000000000000000e+00
2.723665714263916016e+00
3.497852087020874023e+00
5.620340824127197266e+00
7.683095932006835938e+00
9.798388481140136719e+00
1.278863430023193359e+01
1.349461364746093750e+01
1.191102409362792969e+01
1.139204788208007812e+01
8.492226600646972656e+00
8.116918563842773438e+00
5.970825195312500000e+00
0.000000000000000000e+00
2.733763933181762695e+00
3.278110027313232422e+00
5.482518672943115234e+00
6.013324260711669922e+00
3.943183183670043945e+00
5.729749202728271484e+00
8.917165756225585938e+00
1.118806362152099609e+01
1.047273635864257812e+01
7.334792137145996094e+00
8.005228996276855469e+00
5.905979633331298828e+00
0.000000000000000000e+00
2.610407829284667969e+00
3.046522140502929688e+00
5.041429996490478516e+00
5.375740528106689453e+00
4.661604881286621094e+00
4.145781517028808594e+00
6.986898899078369141e+00
9.422203063964843750e+00
1.014832305908203125e+01
7.150185108184814453e+00
7.087725162506103516e+00
5.364877223968505859e+00
0.000000000000000000e+00
2.325187206268310547e+00
3.471251726150512695e+00
6.293139457702636719e+00
8.454435348510742188e+00
1.137354087829589844e+01
1.168711853027343750e+01
1.240185832977294922e+01
9.195129394531250000e+00
1.091645240783691406e+01
8.541913986206054688e+00
7.878737449645996094e+00
5.737535953521728516e+00
0.000000000000000000e+00
2.372199296951293945e+00
3.484497547149658203e+00
6.274707317352294922e+00
8.529471397399902344e+00
1.127604389190673828e+01
1.185773658752441406e+01
1.269966793060302734e+01
9.423693656921386719e+00
1.115084171295166016e+01
8.886364936828613281e+00
7.946646690368652344e+00
5.628047466278076172e+00
0.000000000000000000e+00
2.358021259307861328e+00
3.244042396545410156e+00
4.782667636871337891e+00
6.614464759826660156e+00
7.813518524169921875e+00
1.127301597595214844e+01
1.255788803100585938e+01
1.199557209014892578e+01
1.121893596649169922e+01
8.545248985290527344e+00
7.957869529724121094e+00
5.795933723449707031e+00
0.000000000000000000e+00
2.470484256744384766e+00
3.671334743499755859e+00
5.385046958923339844e+00
6.826198101043701172e+00
7.270779609680175781e+00
9.810352325439453125e+00
1.216165065765380859e+01
1.106895732879638672e+01
1.078662681579589844e+01
8.986104965209960938e+00
8.171585083007812500e+00
5.469552040100097656e+00
0.000000000000000000e+00
2.192041158676147461e+00
2.530059099197387695e+00
4.546757698059082031e+00
5.553979396820068359e+00
6.723632335662841797e+00
8.614960670471191406e+00
1.095040607452392578e+01
1.044579219818115234e+01
1.002478122711181641e+01
8.006858825683593750e+00
7.007945060729980469e+00
5.588763236999511719e+00
0.000000000000000000e+00
2.301651716232299805e+00
2.834019184112548828e+00
4.941040992736816406e+00
5.804667949676513672e+00
7.178718090057373047e+00
9.122915267944335938e+00
1.138498973846435547e+01
1.075091838836669922e+01
1.034914779663085938e+01
8.359476089477539062e+00
7.173480510711669922e+00
5.855881214141845703e+00
0.000000000000000000e+00
2.410716295242309570e+00
2.916762828826904297e+00
5.586620330810546875e+00
7.792686939239501953e+00
7.720322608947753906e+00
1.143302440643310547e+01
1.257481956481933594e+01
9.485357284545898438e+00
1.005635261535644531e+01
7.583558082580566406e+00
8.001146316528320312e+00
6.381856918334960938e+00
0.000000000000000000e+00
2.423084974288940430e+00
3.103940725326538086e+00
4.698033809661865234e+00
5.824913501739501953e+00
7.592162609100341797e+00
8.380907058715820312e+00
1.164199066162109375e+01
9.465683937072753906e+00
9.943981170654296875e+00
8.192973136901855469e+00
7.658010482788085938e+00
5.811940193176269531e+00
0.000000000000000000e+00
2.387421369552612305e+00
3.350031852722167969e+00
5.192465305328369141e+00
6.213407993316650391e+00
7.085351467132568359e+00
9.713336944580078125e+00
1.159894466400146484e+01
1.091802310943603516e+01
1.037094688415527344e+01
8.652246475219726562e+00
7.016841411590576172e+00
5.937286376953125000e+00
0.000000000000000000e+00
2.218633890151977539e+00
3.072065353393554688e+00
5.188922405242919922e+00
6.268733978271484375e+00
7.043369293212890625e+00
9.508324623107910156e+00
1.132414245605468750e+01
1.089250087738037109e+01
1.059337711334228516e+01
8.218091964721679688e+00
7.248617649078369141e+00
5.931519985198974609e+00
0.000000000000000000e+00
2.068896532058715820e+00
2.700700998306274414e+00
4.460481643676757812e+00
5.543471813201904297e+00
6.968959331512451172e+00
8.970197677612304688e+00
1.126839733123779297e+01
1.062859630584716797e+01
1.011813735961914062e+01
8.060788154602050781e+00
6.680380344390869141e+00
5.577301025390625000e+00
0.000000000000000000e+00
2.565120220184326172e+00
3.437639474868774414e+00
5.503791809082031250e+00
6.119260787963867188e+00
4.384999275207519531e+00
4.906028747558593750e+00
7.181311607360839844e+00
9.260604858398437500e+00
1.028199768066406250e+01
7.478507518768310547e+00
7.767487525939941406e+00
5.898218631744384766e+00
0.000000000000000000e+00
2.549469947814941406e+00
3.396393299102783203e+00
5.454925537109375000e+00
6.067835330963134766e+00
4.350439071655273438e+00
4.861143112182617188e+00
7.065648555755615234e+00
9.164539337158203125e+00
1.020779037475585938e+01
7.406843662261962891e+00
7.776782512664794922e+00
5.917212963104248047e+00
0.000000000000000000e+00
2.459903001785278320e+00
3.398964643478393555e+00
5.244495868682861328e+00
7.322916507720947266e+00
7.587822437286376953e+00
1.040739154815673828e+01
1.260540294647216797e+01
1.122081756591796875e+01
1.101009273529052734e+01
8.361902236938476562e+00
7.778443336486816406e+00
5.744985580444335938e+00
0.000000000000000000e+00
2.444450855255126953e+00
3.328160285949707031e+00
5.069380760192871094e+00
7.075542926788330078e+00
7.338795185089111328e+00
9.988640785217285156e+00
1.231752872467041016e+01
1.090226078033447266e+01
1.082693195343017578e+01
8.218025207519531250e+00
7.771600723266601562e+00
5.728237628936767578e+00
0.000000000000000000e+00
2.460417747497558594e+00
3.375820875167846680e+00
5.194257736206054688e+00
7.356590747833251953e+00
7.684438705444335938e+00
1.047787952423095703e+01
1.274058341979980469e+01
1.123834991455078125e+01
1.099565029144287109e+01
8.334138870239257812e+00
7.797117710113525391e+00
5.773687839508056641e+00
0.000000000000000000e+00
2.445095062255859375e+00
3.359732151031494141e+00
5.117044925689697266e+00
7.209886074066162109e+00
7.505040645599365234e+00
1.020470046997070312e+01
1.247221565246582031e+01
1.110645961761474609e+01
1.093569183349609375e+01
8.303087234497070312e+00
7.768511295318603516e+00
5.732547283172607422e+00
0.000000000000000000e+00
2.493903160095214844e+00
3.427856206893920898e+00
5.202743530273437500e+00
7.331267833709716797e+00
7.629364490509033203e+00
1.044408607482910156e+01
1.274805450439453125e+01
1.122878265380859375e+01
1.097169589996337891e+01
8.322477340698242188e+00
7.792542934417724609e+00
5.795670509338378906e+00
0.000000000000000000e+00
2.475040912628173828e+00
3.370973587036132812e+00
5.077088832855224609e+00
7.154084205627441406e+00
7.408140182495117188e+00
1.012378025054931641e+01
1.243348503112792969e+01
1.103193092346191406e+01
1.088136291503906250e+01
8.258306503295898438e+00
7.751300334930419922e+00
5.714607238769531250e+00
0.000000000000000000e+00
2.490860700607299805e+00
3.394600868225097656e+00
5.295934200286865234e+00
7.422248363494873047e+00
7.702765941619873047e+00
1.054899024963378906e+01
1.280478477478027344e+01
1.137138175964355469e+01
1.108403015136718750e+01
8.408265113830566406e+00
7.816479206085205078e+00
5.733546733856201172e+00
0.000000000000000000e+00
2.449279308319091797e+00
3.333503484725952148e+00
5.103863716125488281e+00
7.173951625823974609e+00
7.422583103179931641e+00
1.009154415130615234e+01
1.238953781127929688e+01
1.102343559265136719e+01
1.086758899688720703e+01
8.245775222778320312e+00
7.736618518829345703e+00
5.694290161132812500e+00
0.000000000000000000e+00
2.550281047821044922e+00
2.593907594680786133e+00
4.123228073120117188e+00
5.567242622375488281e+00
5.133172035217285156e+00
6.882490158081054688e+00
1.024061965942382812e+01
9.581538200378417969e+00
9.981027603149414062e+00
8.160910606384277344e+00
7.705156326293945312e+00
6.279685497283935547e+00
0.000000000000000000e+00
2.603082180023193359e+00
2.610037565231323242e+00
4.182343959808349609e+00
5.596558570861816406e+00
5.264059543609619141e+00
7.024083137512207031e+00
1.032993030548095703e+01
9.721542358398437500e+00
1.010270309448242188e+01
8.173118591308593750e+00
7.749872684478759766e+00
6.291526794433593750e+00
0.000000000000000000e+00
2.741777896881103516e+00
3.335488319396972656e+00
5.707899093627929688e+00
8.117934226989746094e+00
7.298245429992675781e+00
9.438280105590820312e+00
1.097331714630126953e+01
9.315093040466308594e+00
1.058937454223632812e+01
7.813300609588623047e+00
8.032506942749023438e+00
5.929783344268798828e+00
0.000000000000000000e+00
2.721123933792114258e+00
3.448232889175415039e+00
5.923594474792480469e+00
8.335504531860351562e+00
7.332255363464355469e+00
9.808856010437011719e+00
1.094173145294189453e+01
9.720589637756347656e+00
1.093182659149169922e+01
8.134887695312500000e+00
8.149990081787109375e+00
5.946481227874755859e+00
0.000000000000000000e+00
2.348235368728637695e+00
3.460341453552246094e+00
5.261381626129150391e+00
6.957428932189941406e+00
5.624481201171875000e+00
8.419156074523925781e+00
7.868857383728027344e+00
1.153266239166259766e+01
1.112227916717529297e+01
8.449071884155273438e+00
7.933576583862304688e+00
5.682395458221435547e+00
0.000000000000000000e+00
2.496567726135253906e+00
3.587631940841674805e+00
5.465016365051269531e+00
7.106316566467285156e+00
5.461977481842041016e+00
8.350352287292480469e+00
7.627389907836914062e+00
1.125470542907714844e+01
1.109866428375244141e+01
8.607727050781250000e+00
8.099200248718261719e+00
5.811362266540527344e+00
0.000000000000000000e+00
2.483211040496826172e+00
3.574994325637817383e+00
5.488328933715820312e+00
7.169310092926025391e+00
5.465024948120117188e+00
8.429367065429687500e+00
7.702414989471435547e+00
1.131137466430664062e+01
1.111113071441650391e+01
8.736646652221679688e+00
8.149481773376464844e+00
5.933205604553222656e+00
0.000000000000000000e+00
2.747344255447387695e+00
3.899450302124023438e+00
4.383119106292724609e+00
6.746832847595214844e+00
5.412609100341796875e+00
8.574418067932128906e+00
1.063075542449951172e+01
7.432015895843505859e+00
8.717205047607421875e+00
7.113839626312255859e+00
7.779814720153808594e+00
5.852126598358154297e+00
0.000000000000000000e+00
2.884743928909301758e+00
3.987530946731567383e+00
4.126982688903808594e+00
6.560632228851318359e+00
5.010351181030273438e+00
8.127406120300292969e+00
1.016028594970703125e+01
6.954398155212402344e+00
8.484051704406738281e+00
7.001736640930175781e+00
7.931300163269042969e+00
6.380905628204345703e+00
0.000000000000000000e+00
2.134286880493164062e+00
3.635299205780029297e+00
5.721537590026855469e+00
7.806764125823974609e+00
7.252690792083740234e+00
1.093375110626220703e+01
1.264641094207763672e+01
1.038551712036132812e+01
1.002817153930664062e+01
7.316884994506835938e+00
7.634634017944335938e+00
5.465068340301513672e+00
0.000000000000000000e+00
2.702476501464843750e+00
3.363598823547363281e+00
4.997189998626708984e+00
6.493021011352539062e+00
5.155784130096435547e+00
8.005896568298339844e+00
1.100685691833496094e+01
1.027550697326660156e+01
1.067834377288818359e+01
8.386361122131347656e+00
7.842346191406250000e+00
6.015109539031982422e+00
0.000000000000000000e+00
2.689434766769409180e+00
3.465824604034423828e+00
5.147223472595214844e+00
6.568704605102539062e+00
5.657280921936035156e+00
8.329305648803710938e+00
1.123901367187500000e+01
1.062322902679443359e+01
1.081778144836425781e+01
8.502106666564941406e+00
7.908919334411621094e+00
6.041442871093750000e+00
0.000000000000000000e+00
2.646473169326782227e+00
3.060083627700805664e+00
4.573159217834472656e+00
6.270604133605957031e+00
5.954604625701904297e+00
8.292270660400390625e+00
1.112038040161132812e+01
1.077192592620849609e+01
1.038207626342773438e+01
8.364556312561035156e+00
7.670815467834472656e+00
5.978122711181640625e+00
0.000000000000000000e+00
2.626888751983642578e+00
3.218409776687622070e+00
4.634363174438476562e+00
6.275534629821777344e+00
6.070269107818603516e+00
8.295783042907714844e+00
1.097419166564941406e+01
1.099448490142822266e+01
1.033064079284667969e+01
8.330956459045410156e+00
7.828524589538574219e+00
6.000036239624023438e+00
0.000000000000000000e+00
2.422080278396606445e+00
3.118427515029907227e+00
5.248254299163818359e+00
5.984992027282714844e+00
5.616624355316162109e+00
8.487302780151367188e+00
1.019685745239257812e+01
9.612773895263671875e+00
1.087338733673095703e+01
8.150740623474121094e+00
7.622757434844970703e+00
5.753049850463867188e+00
0.000000000000000000e+00
2.456955432891845703e+00
3.597416400909423828e+00
5.501810073852539062e+00
7.215011119842529297e+00
6.706070899963378906e+00
8.939463615417480469e+00
1.194738674163818359e+01
1.099905395507812500e+01
1.095559692382812500e+01
8.689029693603515625e+00
8.217078208923339844e+00
5.559118270874023438e+00
0.000000000000000000e+00
2.674953460693359375e+00
3.507561922073364258e+00
5.618889331817626953e+00
6.361964225769042969e+00
3.632725715637207031e+00
5.596710681915283203e+00
7.132019996643066406e+00
6.417230129241943359e+00
9.328694343566894531e+00
7.382976055145263672e+00
7.912817478179931641e+00
5.784456253051757812e+00
0.000000000000000000e+00
2.333963394165039062e+00
2.809368848800659180e+00
4.325561046600341797e+00
5.929522037506103516e+00
8.090545654296875000e+00
7.377296924591064453e+00
1.007821750640869141e+01
1.116917705535888672e+01
9.970102310180664062e+00
7.111577987670898438e+00
7.688782215118408203e+00
6.039458751678466797e+00
0.000000000000000000e+00
2.358759641647338867e+00
2.960826873779296875e+00
4.430015087127685547e+00
6.021931648254394531e+00
8.261737823486328125e+00
7.383153438568115234e+00
1.006399917602539062e+01
1.117220878601074219e+01
1.018659210205078125e+01
7.325264930725097656e+00
7.709458351135253906e+00
6.014215946197509766e+00
0.000000000000000000e+00
2.366554260253906250e+00
2.790416240692138672e+00
4.333897113800048828e+00
5.758040904998779297e+00
7.728400230407714844e+00
7.335553646087646484e+00
1.015928745269775391e+01
1.099121189117431641e+01
9.953796386718750000e+00
7.154422760009765625e+00
7.721252918243408203e+00
5.999477386474609375e+00
0.000000000000000000e+00
2.316405296325683594e+00
2.792277097702026367e+00
4.306738376617431641e+00
5.836627960205078125e+00
7.975137233734130859e+00
7.375215530395507812e+00
9.759881019592285156e+00
1.095309257507324219e+01
9.909639358520507812e+00
7.186012744903564453e+00
7.687228202819824219e+00
5.962778568267822266e+00
0.000000000000000000e+00
2.656894445419311523e+00
3.399276733398437500e+00
5.453044891357421875e+00
6.665648937225341797e+00
4.460189342498779297e+00
2.251747608184814453e+00
4.252057075500488281e+00
7.535404205322265625e+00
9.368049621582031250e+00
7.107375144958496094e+00
7.925640106201171875e+00
5.870960712432861328e+00
0.000000000000000000e+00
2.407292127609252930e+00
3.607145071029663086e+00
5.288610935211181641e+00
6.755566596984863281e+00
6.842906475067138672e+00
9.057664871215820312e+00
1.189178943634033203e+01
1.095400238037109375e+01
1.085555362701416016e+01
8.871913909912109375e+00
8.289393424987792969e+00
5.531970024108886719e+00
0.000000000000000000e+00
2.661496162414550781e+00
3.726250886917114258e+00
4.728655338287353516e+00
6.998693943023681641e+00
6.743030548095703125e+00
9.040615081787109375e+00
7.487251281738281250e+00
1.100551700592041016e+01
1.087105751037597656e+01
8.429819107055664062e+00
8.064408302307128906e+00
6.315929889678955078e+00
0.000000000000000000e+00
2.509161710739135742e+00
2.916719198226928711e+00
4.769828319549560547e+00
5.777101993560791016e+00
6.372680664062500000e+00
5.317157268524169922e+00
8.646600723266601562e+00
1.013386154174804688e+01
1.003536415100097656e+01
7.128341674804687500e+00
7.541634559631347656e+00
5.659579277038574219e+00
0.000000000000000000e+00
2.473075389862060547e+00
2.935289144515991211e+00
4.781245708465576172e+00
5.746457099914550781e+00
6.342576026916503906e+00
5.337996959686279297e+00
8.664850234985351562e+00
1.014704036712646484e+01
1.001711368560791016e+01
7.103901863098144531e+00
7.523964881896972656e+00
5.591067790985107422e+00
0.000000000000000000e+00
2.476673126220703125e+00
3.555204868316650391e+00
5.460282325744628906e+00
8.054566383361816406e+00
7.682876110076904297e+00
1.097465991973876953e+01
1.316005611419677734e+01
1.049400329589843750e+01
1.105018234252929688e+01
8.227876663208007812e+00
7.888436317443847656e+00
5.936649322509765625e+00
0.000000000000000000e+00
2.592384099960327148e+00
3.387838840484619141e+00
5.406024932861328125e+00
6.654421806335449219e+00
4.883646965026855469e+00
8.326704978942871094e+00
9.617335319519042969e+00
8.614125251770019531e+00
9.925220489501953125e+00
7.464007854461669922e+00
7.602891445159912109e+00
5.581277847290039062e+00
0.000000000000000000e+00
2.464438438415527344e+00
3.550185680389404297e+00
5.452340126037597656e+00
8.035098075866699219e+00
7.651682376861572266e+00
1.093673992156982422e+01
1.313565921783447266e+01
1.046048164367675781e+01
1.104550552368164062e+01
8.220077514648437500e+00
7.890804767608642578e+00
5.951138496398925781e+00
0.000000000000000000e+00
2.601750135421752930e+00
3.385577201843261719e+00
5.419894695281982422e+00
6.645056724548339844e+00
4.882281780242919922e+00
8.320572853088378906e+00
9.621448516845703125e+00
8.611770629882812500e+00
9.920906066894531250e+00
7.454945564270019531e+00
7.598749637603759766e+00
5.573198795318603516e+00
0.000000000000000000e+00
2.608289480209350586e+00
3.363629341125488281e+00
5.525968074798583984e+00
5.990145206451416016e+00
4.530025959014892578e+00
4.454720020294189453e+00
5.098155021667480469e+00
8.745526313781738281e+00
9.657660484313964844e+00
7.438346862792968750e+00
7.761545181274414062e+00
5.608997821807861328e+00
0.000000000000000000e+00
2.624974012374877930e+00
3.433082342147827148e+00
5.599534511566162109e+00
6.057985782623291016e+00
4.576013088226318359e+00
4.508075237274169922e+00
5.122490882873535156e+00
8.762762069702148438e+00
9.694052696228027344e+00
7.457865238189697266e+00
7.804273128509521484e+00
5.635496616363525391e+00
0.000000000000000000e+00
2.626242876052856445e+00
3.394593715667724609e+00
5.305097103118896484e+00
5.923971176147460938e+00
4.580072879791259766e+00
6.361787319183349609e+00
7.581877708435058594e+00
1.073429775238037109e+01
1.053807353973388672e+01
7.372533321380615234e+00
7.648247241973876953e+00
5.594348430633544922e+00
0.000000000000000000e+00
2.597569465637207031e+00
3.374536037445068359e+00
5.259465694427490234e+00
5.881865501403808594e+00
4.497911453247070312e+00
6.271731853485107422e+00
7.506592273712158203e+00
1.067709827423095703e+01
1.049231910705566406e+01
7.349101066589355469e+00
7.650909423828125000e+00
5.619016170501708984e+00
0.000000000000000000e+00
2.445374965667724609e+00
2.818271160125732422e+00
4.959236621856689453e+00
5.709578990936279297e+00
6.894116401672363281e+00
8.613399505615234375e+00
1.099998569488525391e+01
1.058451747894287109e+01
1.028001308441162109e+01
8.191980361938476562e+00
7.352034568786621094e+00
5.758747100830078125e+00
0.000000000000000000e+00
2.463889837265014648e+00
2.789109468460083008e+00
4.850687980651855469e+00
5.641847610473632812e+00
6.775283813476562500e+00
8.647974014282226562e+00
1.118992424011230469e+01
1.044480609893798828e+01
1.010215950012207031e+01
7.998433113098144531e+00
7.232502937316894531e+00
5.596192836761474609e+00
0.000000000000000000e+00
2.549021959304809570e+00
3.060078620910644531e+00
5.067839622497558594e+00
6.090763092041015625e+00
7.385954380035400391e+00
9.374095916748046875e+00
1.178293418884277344e+01
1.081123447418212891e+01
1.053175640106201172e+01
8.303317070007324219e+00
7.586408615112304688e+00
5.805070400238037109e+00
0.000000000000000000e+00
2.293342590332031250e+00
2.794768333435058594e+00
4.894063472747802734e+00
5.937715053558349609e+00
7.307694911956787109e+00
9.408255577087402344e+00
1.177905845642089844e+01
1.083868408203125000e+01
1.046478176116943359e+01
8.188117980957031250e+00
7.279156208038330078e+00
5.610325813293457031e+00
0.000000000000000000e+00
2.270514726638793945e+00
2.755513429641723633e+00
4.729196071624755859e+00
5.488249778747558594e+00
6.790990829467773438e+00
8.810618400573730469e+00
1.113322830200195312e+01
1.042413139343261719e+01
1.043340873718261719e+01
8.205166816711425781e+00
7.122394561767578125e+00
5.703116416931152344e+00
0.000000000000000000e+00
2.370239019393920898e+00
3.298404455184936523e+00
4.960232257843017578e+00
6.689188003540039062e+00
6.809964179992675781e+00
9.674292564392089844e+00
1.210403347015380859e+01
1.059077358245849609e+01
1.091432380676269531e+01
8.384366989135742188e+00
7.682960033416748047e+00
5.716552734375000000e+00
0.000000000000000000e+00
2.407216548919677734e+00
3.125825405120849609e+00
4.867091178894042969e+00
6.677349090576171875e+00
6.140732765197753906e+00
9.174457550048828125e+00
1.181304264068603516e+01
1.044622707366943359e+01
1.072667694091796875e+01
8.157809257507324219e+00
7.586090087890625000e+00
5.831543445587158203e+00
0.000000000000000000e+00
2.313998222351074219e+00
3.019793033599853516e+00
5.180842876434326172e+00
7.919895648956298828e+00
7.527667522430419922e+00
1.008086204528808594e+01
1.150080394744873047e+01
1.034679985046386719e+01
1.098983669281005859e+01
8.226499557495117188e+00
7.751433372497558594e+00
5.712090015411376953e+00
0.000000000000000000e+00
2.133685588836669922e+00
2.770332813262939453e+00
4.482312679290771484e+00
6.148602008819580078e+00
5.262052059173583984e+00
8.322305679321289062e+00
7.550754547119140625e+00
1.108072566986083984e+01
1.019751834869384766e+01
7.963439941406250000e+00
6.963461875915527344e+00
5.514705181121826172e+00
0.000000000000000000e+00
2.130831480026245117e+00
2.762418746948242188e+00
4.475401878356933594e+00
6.149762630462646484e+00
5.273972988128662109e+00
8.324434280395507812e+00
7.547794342041015625e+00
1.107776927947998047e+01
1.020206356048583984e+01
7.959752559661865234e+00
6.964397430419921875e+00
5.522145748138427734e+00
0.000000000000000000e+00
2.132484197616577148e+00
2.764443397521972656e+00
4.458670616149902344e+00
6.132318973541259766e+00
5.248081684112548828e+00
8.302549362182617188e+00
7.529716014862060547e+00
1.106162357330322266e+01
1.018613147735595703e+01
7.951780319213867188e+00
6.958362102508544922e+00
5.521610736846923828e+00
0.000000000000000000e+00
2.128471612930297852e+00
2.762294292449951172e+00
4.470028877258300781e+00
6.138769149780273438e+00
5.255796432495117188e+00
8.304683685302734375e+00
7.535006523132324219e+00
1.106906032562255859e+01
1.019346332550048828e+01
7.964037895202636719e+00
6.968584537506103516e+00
5.531934261322021484e+00
0.000000000000000000e+00
2.197667121887207031e+00
3.337417364120483398e+00
5.165530681610107422e+00
7.356860637664794922e+00
5.953577041625976562e+00
8.739039421081542969e+00
8.253423690795898438e+00
1.174278354644775391e+01
1.093084812164306641e+01
8.363250732421875000e+00
7.548011302947998047e+00
5.797729015350341797e+00
0.000000000000000000e+00
2.203370332717895508e+00
3.335415124893188477e+00
5.152436256408691406e+00
7.343204975128173828e+00
5.945047378540039062e+00
8.726336479187011719e+00
8.247084617614746094e+00
1.173332118988037109e+01
1.092551326751708984e+01
8.357124328613281250e+00
7.549242496490478516e+00
5.787030220031738281e+00
0.000000000000000000e+00
2.194153547286987305e+00
3.315924644470214844e+00
5.142799377441406250e+00
7.330177307128906250e+00
5.909384727478027344e+00
8.703409194946289062e+00
8.227400779724121094e+00
1.172323322296142578e+01
1.091454219818115234e+01
8.345925331115722656e+00
7.542761325836181641e+00
5.796557426452636719e+00
0.000000000000000000e+00
2.200055599212646484e+00
3.320076942443847656e+00
5.151391029357910156e+00
7.330271720886230469e+00
5.910223960876464844e+00
8.703867912292480469e+00
8.231901168823242188e+00
1.172459220886230469e+01
1.091453361511230469e+01
8.357321739196777344e+00
7.543927192687988281e+00
5.792314529418945312e+00
0.000000000000000000e+00
2.360987424850463867e+00
2.969017982482910156e+00
4.506493568420410156e+00
6.156994342803955078e+00
8.468436241149902344e+00
7.731799602508544922e+00
1.003714942932128906e+01
1.132503318786621094e+01
1.013705921173095703e+01
7.425831317901611328e+00
7.795634269714355469e+00
6.029460906982421875e+00
0.000000000000000000e+00
2.412200450897216797e+00
2.894684314727783203e+00
4.378157138824462891e+00
6.165909767150878906e+00
7.974272251129150391e+00
7.371213436126708984e+00
1.004132938385009766e+01
1.106621456146240234e+01
1.013221263885498047e+01
7.320734977722167969e+00
7.720417499542236328e+00
6.055385589599609375e+00
0.000000000000000000e+00
2.297477722167968750e+00
2.822448730468750000e+00
4.185457706451416016e+00
5.963550567626953125e+00
8.436662673950195312e+00
7.339119434356689453e+00
9.818458557128906250e+00
1.088012123107910156e+01
9.782030105590820312e+00
7.058094978332519531e+00
7.514263153076171875e+00
5.977582931518554688e+00
0.000000000000000000e+00
2.546795368194580078e+00
3.456285953521728516e+00
5.739314079284667969e+00
6.243529319763183594e+00
4.441126346588134766e+00
7.775034904479980469e+00
1.024800682067871094e+01
1.138443470001220703e+01
1.154117107391357422e+01
8.404032707214355469e+00
7.855698585510253906e+00
5.822686195373535156e+00
0.000000000000000000e+00
1.867126941680908203e+00
2.849492311477661133e+00
4.561028003692626953e+00
6.429630756378173828e+00
7.517692089080810547e+00
6.313344478607177734e+00
8.768573760986328125e+00
1.205985450744628906e+01
9.999138832092285156e+00
7.801700592041015625e+00
7.170341491699218750e+00
5.254963397979736328e+00
0.000000000000000000e+00
2.388318538665771484e+00
3.840348482131958008e+00
5.874000549316406250e+00
8.663888931274414062e+00
9.024705886840820312e+00
1.091751289367675781e+01
1.010710811614990234e+01
1.324551486968994141e+01
1.198978233337402344e+01
8.970517158508300781e+00
7.943017482757568359e+00
5.570574760437011719e+00
0.000000000000000000e+00
2.387718439102172852e+00
3.839647054672241211e+00
5.873991012573242188e+00
8.663775444030761719e+00
9.024667739868164062e+00
1.091739463806152344e+01
1.010647487640380859e+01
1.324574279785156250e+01
1.198979377746582031e+01
8.970174789428710938e+00
7.943001747131347656e+00
5.570075511932373047e+00
0.000000000000000000e+00
2.387815475463867188e+00
3.840022802352905273e+00
5.874218463897705078e+00
8.663704872131347656e+00
9.024974822998046875e+00
1.091794013977050781e+01
1.010686111450195312e+01
1.324618530273437500e+01
1.198997974395751953e+01
8.969888687133789062e+00
7.942893981933593750e+00
5.569436550140380859e+00
0.000000000000000000e+00
2.388366937637329102e+00
3.839980602264404297e+00
5.874578475952148438e+00
8.664108276367187500e+00
9.025455474853515625e+00
1.091849327087402344e+01
1.010729598999023438e+01
1.324610042572021484e+01
1.199022769927978516e+01
8.970282554626464844e+00
7.943148136138916016e+00
5.569844245910644531e+00
0.000000000000000000e+00
2.387894630432128906e+00
3.839274406433105469e+00
5.874126434326171875e+00
8.664073944091796875e+00
9.024483680725097656e+00
1.091783714294433594e+01
1.010692501068115234e+01
1.324631881713867188e+01
1.198988628387451172e+01
8.970092773437500000e+00
7.942822456359863281e+00
5.569305419921875000e+00
0.000000000000000000e+00
2.387374401092529297e+00
3.839445829391479492e+00
5.873309135437011719e+00
8.663410186767578125e+00
9.024147987365722656e+00
1.091702175140380859e+01
1.010593128204345703e+01
1.324502182006835938e+01
1.198982143402099609e+01
8.970187187194824219e+00
7.942804336547851562e+00
5.570647239685058594e+00
0.000000000000000000e+00
2.388734579086303711e+00
3.840098857879638672e+00
5.874737739562988281e+00
8.664549827575683594e+00
9.025147438049316406e+00
1.091821479797363281e+01
1.010695362091064453e+01
1.324625301361083984e+01
1.199024963378906250e+01
8.970898628234863281e+00
7.943329334259033203e+00
5.570230960845947266e+00
0.000000000000000000e+00
2.603782415390014648e+00
3.385433435440063477e+00
6.087668418884277344e+00
8.064265251159667969e+00
7.237957000732421875e+00
1.058797359466552734e+01
1.282435512542724609e+01
1.044138526916503906e+01
1.159630298614501953e+01
9.067220687866210938e+00
8.010203361511230469e+00
5.861116886138916016e+00
0.000000000000000000e+00
2.377353906631469727e+00
3.118335723876953125e+00
5.853331089019775391e+00
8.008759498596191406e+00
6.736762523651123047e+00
1.016751575469970703e+01
1.256670761108398438e+01
9.891645431518554688e+00
1.111318588256835938e+01
8.523600578308105469e+00
7.767185211181640625e+00
5.467247962951660156e+00
0.000000000000000000e+00
2.773427248001098633e+00
3.461902856826782227e+00
5.585374355316162109e+00
5.782696723937988281e+00
7.367687702178955078e+00
1.024455833435058594e+01
1.064787292480468750e+01
1.279990386962890625e+01
1.166877555847167969e+01
8.410746574401855469e+00
7.822782993316650391e+00
5.946610450744628906e+00
0.000000000000000000e+00
2.670859813690185547e+00
3.280254840850830078e+00
5.333418846130371094e+00
5.273048877716064453e+00
6.750188827514648438e+00
9.586698532104492188e+00
1.016544151306152344e+01
1.253464221954345703e+01
1.153959178924560547e+01
8.163235664367675781e+00
7.837676525115966797e+00
6.017588615417480469e+00
0.000000000000000000e+00
2.395530223846435547e+00
3.433783769607543945e+00
4.686664104461669922e+00
6.142941474914550781e+00
6.509484767913818359e+00
8.596224784851074219e+00
1.123433399200439453e+01
1.056288623809814453e+01
1.004382514953613281e+01
8.312204360961914062e+00
7.706917285919189453e+00
5.118199348449707031e+00
0.000000000000000000e+00
2.280623435974121094e+00
2.949564933776855469e+00
4.865453720092773438e+00
5.356743335723876953e+00
3.108173608779907227e+00
2.088209390640258789e+00
5.444311141967773438e+00
7.789579868316650391e+00
9.148809432983398438e+00
7.001934051513671875e+00
7.469456195831298828e+00
5.754395484924316406e+00
0.000000000000000000e+00
2.660507678985595703e+00
3.258597135543823242e+00
5.396600246429443359e+00
5.672763824462890625e+00
5.307750225067138672e+00
5.329598903656005859e+00
9.085619926452636719e+00
9.645629882812500000e+00
1.013028335571289062e+01
7.611934661865234375e+00
7.917397975921630859e+00
6.035117626190185547e+00
0.000000000000000000e+00
2.375237226486206055e+00
3.163372755050659180e+00
5.152083396911621094e+00
5.914548397064208984e+00
4.698040008544921875e+00
3.039215564727783203e+00
6.296959877014160156e+00
8.473811149597167969e+00
9.668641090393066406e+00
7.167793750762939453e+00
7.357079029083251953e+00
5.541161060333251953e+00
0.000000000000000000e+00
2.504425287246704102e+00
3.480676412582397461e+00
6.049984455108642578e+00
8.880764961242675781e+00
8.793811798095703125e+00
1.145481777191162109e+01
1.004942607879638672e+01
1.326405239105224609e+01
1.132129859924316406e+01
7.965507030487060547e+00
7.793187141418457031e+00
5.920919418334960938e+00
0.000000000000000000e+00
2.772379398345947266e+00
3.435364961624145508e+00
6.227138996124267578e+00
8.624351501464843750e+00
9.099619865417480469e+00
1.184630489349365234e+01
9.903047561645507812e+00
1.293550205230712891e+01
1.199998378753662109e+01
8.542259216308593750e+00
7.844352722167968750e+00
5.865745544433593750e+00
0.000000000000000000e+00
2.460211038589477539e+00
3.608107805252075195e+00
6.376784324645996094e+00
9.173579216003417969e+00
9.693461418151855469e+00
1.215261745452880859e+01
1.010190391540527344e+01
1.316407871246337891e+01
1.160739326477050781e+01
8.318245887756347656e+00
7.886448860168457031e+00
5.778826713562011719e+00
0.000000000000000000e+00
2.687227010726928711e+00
3.712646007537841797e+00
6.504156112670898438e+00
9.628226280212402344e+00
1.001479148864746094e+01
1.249845790863037109e+01
1.057716560363769531e+01
1.347396469116210938e+01
1.188175010681152344e+01
8.424301147460937500e+00
8.209485054016113281e+00
6.010114192962646484e+00
0.000000000000000000e+00
2.178815126419067383e+00
2.661739587783813477e+00
5.068748950958251953e+00
7.254135608673095703e+00
8.150863647460937500e+00
1.076689052581787109e+01
1.309431552886962891e+01
1.196587085723876953e+01
1.111262130737304688e+01
8.461535453796386719e+00
7.188678264617919922e+00
5.590759277343750000e+00
0.000000000000000000e+00
2.355251073837280273e+00
3.132235765457153320e+00
5.635441780090332031e+00
7.983950138092041016e+00
9.332285881042480469e+00
1.217184448242187500e+01
1.413054847717285156e+01
1.260478878021240234e+01
1.153334999084472656e+01
8.670951843261718750e+00
7.778257369995117188e+00
5.983606338500976562e+00
0.000000000000000000e+00
2.615416049957275391e+00
3.450789928436279297e+00
4.974903106689453125e+00
5.621875286102294922e+00
5.381283283233642578e+00
9.168810844421386719e+00
1.010873222351074219e+01
8.227627754211425781e+00
9.730737686157226562e+00
7.306292057037353516e+00
7.971736431121826172e+00
5.760159492492675781e+00
0.000000000000000000e+00
2.342675924301147461e+00
3.408555746078491211e+00
4.950501918792724609e+00
7.070355415344238281e+00
6.889856815338134766e+00
9.717525482177734375e+00
1.172089290618896484e+01
1.076709079742431641e+01
1.059558868408203125e+01
8.133781433105468750e+00
7.732583999633789062e+00
5.642318248748779297e+00
0.000000000000000000e+00
2.283475160598754883e+00
3.122753858566284180e+00
4.685398578643798828e+00
6.644888877868652344e+00
6.639367103576660156e+00
9.426412582397460938e+00
1.148811149597167969e+01
1.041429710388183594e+01
1.040451335906982422e+01
7.944895267486572266e+00
7.534379482269287109e+00
5.654272556304931641e+00
0.000000000000000000e+00
2.390340805053710938e+00
3.389901876449584961e+00
5.072463512420654297e+00
7.294937133789062500e+00
7.102055549621582031e+00
9.945940017700195312e+00
1.206535625457763672e+01
1.110270690917968750e+01
1.067102432250976562e+01
8.154510498046875000e+00
7.750899791717529297e+00
5.581884384155273438e+00
0.000000000000000000e+00
2.343140840530395508e+00
3.377356529235839844e+00
5.039444923400878906e+00
7.188930511474609375e+00
7.044655799865722656e+00
9.862874031066894531e+00
1.185659408569335938e+01
1.076760864257812500e+01
1.063423538208007812e+01
8.102964401245117188e+00
7.759393692016601562e+00
5.731119632720947266e+00
0.000000000000000000e+00
2.322436809539794922e+00
3.353775501251220703e+00
4.936121463775634766e+00
6.971784591674804688e+00
6.851268768310546875e+00
9.712925910949707031e+00
1.166472625732421875e+01
1.070156955718994141e+01
1.062701129913330078e+01
8.106543540954589844e+00
7.732863903045654297e+00
5.716125011444091797e+00
0.000000000000000000e+00
2.372224330902099609e+00
3.358753442764282227e+00
5.010975360870361328e+00
7.191427707672119141e+00
6.983236789703369141e+00
9.825057983398437500e+00
1.191041278839111328e+01
1.082997322082519531e+01
1.060240840911865234e+01
8.052008628845214844e+00
7.710017204284667969e+00
5.648851871490478516e+00
0.000000000000000000e+00
2.246534347534179688e+00
3.211505174636840820e+00
4.824800014495849609e+00
7.017365455627441406e+00
6.811338901519775391e+00
9.606900215148925781e+00
1.157582664489746094e+01
1.051080036163330078e+01
1.041430664062500000e+01
7.965987205505371094e+00
7.640357494354248047e+00
5.663935184478759766e+00
0.000000000000000000e+00
2.389657974243164062e+00
3.415991067886352539e+00
4.992854118347167969e+00
7.230031490325927734e+00
7.061888217926025391e+00
9.802520751953125000e+00
1.179356575012207031e+01
1.081696605682373047e+01
1.064850902557373047e+01
8.183794975280761719e+00
7.815573215484619141e+00
5.704967021942138672e+00
0.000000000000000000e+00
2.776216506958007812e+00
3.577000856399536133e+00
5.688426971435546875e+00
6.442077636718750000e+00
5.841615676879882812e+00
5.531177520751953125e+00
8.731743812561035156e+00
1.049422454833984375e+01
1.145695686340332031e+01
8.356703758239746094e+00
8.061558723449707031e+00
6.178999423980712891e+00
0.000000000000000000e+00
2.708367824554443359e+00
3.179703235626220703e+00
4.989508152008056641e+00
5.510771274566650391e+00
3.333510398864746094e+00
1.776833772659301758e+00
4.497508525848388672e+00
7.179991722106933594e+00
8.973565101623535156e+00
6.686079502105712891e+00
7.687326908111572266e+00
6.057680130004882812e+00
0.000000000000000000e+00
2.796880722045898438e+00
3.304081439971923828e+00
5.164469718933105469e+00
5.772990703582763672e+00
3.582123517990112305e+00
1.896296620368957520e+00
4.620950698852539062e+00
7.276403903961181641e+00
9.006947517395019531e+00
6.816907405853271484e+00
7.824759483337402344e+00
6.137865543365478516e+00
0.000000000000000000e+00
2.778686285018920898e+00
3.265705823898315430e+00
5.175292491912841797e+00
5.834663867950439453e+00
3.708914041519165039e+00
2.380383968353271484e+00
5.196372985839843750e+00
7.638443946838378906e+00
9.285074234008789062e+00
6.980244636535644531e+00
7.760447978973388672e+00
6.009679317474365234e+00
0.000000000000000000e+00
2.787403345108032227e+00
3.256557464599609375e+00
4.993527889251708984e+00
5.518372535705566406e+00
3.392281055450439453e+00
1.702672719955444336e+00
4.420147895812988281e+00
7.180037975311279297e+00
9.007994651794433594e+00
6.786676406860351562e+00
7.728978633880615234e+00
6.109510898590087891e+00
0.000000000000000000e+00
2.405381679534912109e+00
3.344175577163696289e+00
5.877151966094970703e+00
8.093488693237304688e+00
8.931978225708007812e+00
1.122733592987060547e+01
1.353385925292968750e+01
1.292996025085449219e+01
1.171339607238769531e+01
8.822114944458007812e+00
7.682351589202880859e+00
5.773695468902587891e+00
0.000000000000000000e+00
2.437951087951660156e+00
3.372311353683471680e+00
5.930922508239746094e+00
8.085405349731445312e+00
8.918236732482910156e+00
1.120620059967041016e+01
1.355837345123291016e+01
1.292877101898193359e+01
1.171858119964599609e+01
8.856701850891113281e+00
7.702742576599121094e+00
5.789213180541992188e+00
0.000000000000000000e+00
2.478255510330200195e+00
3.384317636489868164e+00
5.776319503784179688e+00
7.796276569366455078e+00
8.537290573120117188e+00
1.082131195068359375e+01
1.346831130981445312e+01
1.225191497802734375e+01
1.173114871978759766e+01
8.900094985961914062e+00
7.767488956451416016e+00
5.720545291900634766e+00
0.000000000000000000e+00
2.455108880996704102e+00
3.402598619461059570e+00
6.004302024841308594e+00
8.217778205871582031e+00
7.448344707489013672e+00
1.110233497619628906e+01
1.313662910461425781e+01
1.038123321533203125e+01
1.148246860504150391e+01
8.836251258850097656e+00
7.780769348144531250e+00
5.974011421203613281e+00
0.000000000000000000e+00
2.653894424438476562e+00
3.400608539581298828e+00
5.637183666229248047e+00
6.620936870574951172e+00
4.784847259521484375e+00
3.548456192016601562e+00
6.593788623809814453e+00
9.024498939514160156e+00
1.030815696716308594e+01
7.455400943756103516e+00
7.913998126983642578e+00
5.895256042480468750e+00
0.000000000000000000e+00
2.730586051940917969e+00
3.394993543624877930e+00
5.652428627014160156e+00
6.439465045928955078e+00
4.668041706085205078e+00
3.255603790283203125e+00
6.307787895202636719e+00
8.804935455322265625e+00
1.012134742736816406e+01
7.322240829467773438e+00
7.947365283966064453e+00
5.940423488616943359e+00
0.000000000000000000e+00
2.413866758346557617e+00
3.253487586975097656e+00
5.131645679473876953e+00
6.741356849670410156e+00
6.415842533111572266e+00
4.828159332275390625e+00
7.848120689392089844e+00
8.434772491455078125e+00
1.116796684265136719e+01
7.963694095611572266e+00
7.719641685485839844e+00
5.866091251373291016e+00
0.000000000000000000e+00
2.448794364929199219e+00
3.089322566986083984e+00
5.575901508331298828e+00
7.063532829284667969e+00
6.796401977539062500e+00
1.054691028594970703e+01
1.137108802795410156e+01
1.002284908294677734e+01
1.041697788238525391e+01
7.583570480346679688e+00
7.550499439239501953e+00
5.666574954986572266e+00
0.000000000000000000e+00
2.600944042205810547e+00
2.869510173797607422e+00
4.461787223815917969e+00
6.191917896270751953e+00
4.727791309356689453e+00
8.099193572998046875e+00
1.076101589202880859e+01
8.568229675292968750e+00
9.609114646911621094e+00
6.962047576904296875e+00
7.569868087768554688e+00
5.918926715850830078e+00
0.000000000000000000e+00
2.690081834793090820e+00
3.106567144393920898e+00
4.733254432678222656e+00
6.583636283874511719e+00
5.178487300872802734e+00
8.638194084167480469e+00
1.172351741790771484e+01
8.913365364074707031e+00
9.667691230773925781e+00
7.150940895080566406e+00
7.631838321685791016e+00
5.910998821258544922e+00
0.000000000000000000e+00
2.667224645614624023e+00
3.184883356094360352e+00
5.229491710662841797e+00
6.933541297912597656e+00
6.657763957977294922e+00
1.020684432983398438e+01
1.196201515197753906e+01
9.591273307800292969e+00
1.033785533905029297e+01
7.826199531555175781e+00
7.955952167510986328e+00
5.931431293487548828e+00
0.000000000000000000e+00
2.658867597579956055e+00
3.100420951843261719e+00
5.067836761474609375e+00
6.941909313201904297e+00
6.605649948120117188e+00
1.013743877410888672e+01
1.193594932556152344e+01
9.528388023376464844e+00
1.026491451263427734e+01
7.689996719360351562e+00
7.870769500732421875e+00
5.896224021911621094e+00
0.000000000000000000e+00
2.617204189300537109e+00
3.468772888183593750e+00
5.630341529846191406e+00
6.361973285675048828e+00
4.840207099914550781e+00
6.350393772125244141e+00
8.475681304931640625e+00
1.124773883819580078e+01
1.066514968872070312e+01
7.696903705596923828e+00
7.759226322174072266e+00
5.715579509735107422e+00
0.000000000000000000e+00
2.605393409729003906e+00
3.182516098022460938e+00
5.049241542816162109e+00
5.916737556457519531e+00
6.492549896240234375e+00
6.710510730743408203e+00
1.046940231323242188e+01
1.055222225189208984e+01
1.052635955810546875e+01
7.407524108886718750e+00
7.690770626068115234e+00
5.782776832580566406e+00
0.000000000000000000e+00
2.615652561187744141e+00
3.109291076660156250e+00
4.895071983337402344e+00
5.654923439025878906e+00
6.331981182098388672e+00
6.691815853118896484e+00
1.042957592010498047e+01
1.031729793548583984e+01
1.046701526641845703e+01
7.319300651550292969e+00
7.592633247375488281e+00
5.837122917175292969e+00
0.000000000000000000e+00
2.363728523254394531e+00
3.240336179733276367e+00
5.137042522430419922e+00
6.425744056701660156e+00
6.925918102264404297e+00
8.990301132202148438e+00
1.174228000640869141e+01
1.124312019348144531e+01
1.080207443237304688e+01
8.405547142028808594e+00
7.901341438293457031e+00
5.347980022430419922e+00
0.000000000000000000e+00
2.476241827011108398e+00
3.219208002090454102e+00
5.183160781860351562e+00
6.477314472198486328e+00
7.179718017578125000e+00
8.830087661743164062e+00
1.170990371704101562e+01
1.138792324066162109e+01
1.095489311218261719e+01
8.523122787475585938e+00
7.862982273101806641e+00
5.301222324371337891e+00
0.000000000000000000e+00
2.592407464981079102e+00
3.638830184936523438e+00
5.291472434997558594e+00
6.376289844512939453e+00
6.352766036987304688e+00
3.411785840988159180e+00
4.391213893890380859e+00
8.049161911010742188e+00
9.581607818603515625e+00
7.322829723358154297e+00
7.765094280242919922e+00
5.875625133514404297e+00
0.000000000000000000e+00
2.594767093658447266e+00
3.689429521560668945e+00
4.951279640197753906e+00
6.657529354095458984e+00
6.678338527679443359e+00
4.871417522430419922e+00
4.809105873107910156e+00
8.566763877868652344e+00
1.026338577270507812e+01
7.700231075286865234e+00
7.795550346374511719e+00
5.797736167907714844e+00
0.000000000000000000e+00
2.444245576858520508e+00
3.434225797653198242e+00
4.829524517059326172e+00
6.451331138610839844e+00
6.126893997192382812e+00
2.947476387023925781e+00
3.253145933151245117e+00
6.966154575347900391e+00
9.072854995727539062e+00
6.696564674377441406e+00
7.517927646636962891e+00
5.433044433593750000e+00
0.000000000000000000e+00
2.687363862991333008e+00
3.753230810165405273e+00
6.144114017486572266e+00
6.317121982574462891e+00
6.999569416046142578e+00
3.954770326614379883e+00
4.427633762359619141e+00
8.052844047546386719e+00
1.021045875549316406e+01
7.844084739685058594e+00
7.963966846466064453e+00
5.874551773071289062e+00
0.000000000000000000e+00
2.327476024627685547e+00
3.006005525588989258e+00
4.857011795043945312e+00
6.462202072143554688e+00
6.641201019287109375e+00
8.125959396362304688e+00
9.898364067077636719e+00
9.603139877319335938e+00
1.066897773742675781e+01
8.340896606445312500e+00
7.568745613098144531e+00
6.093272686004638672e+00
0.000000000000000000e+00
2.463350057601928711e+00
3.202297449111938477e+00
6.027378082275390625e+00
7.831997871398925781e+00
6.825726509094238281e+00
9.690886497497558594e+00
8.586928367614746094e+00
1.205652141571044922e+01
1.127563762664794922e+01
8.462201118469238281e+00
7.933539390563964844e+00
5.740058898925781250e+00
0.000000000000000000e+00
2.403442621231079102e+00
2.993448019027709961e+00
5.309927940368652344e+00
5.943100452423095703e+00
6.147491931915283203e+00
9.958002090454101562e+00
1.043764972686767578e+01
8.570195198059082031e+00
1.016799926757812500e+01
7.454977035522460938e+00
7.614211082458496094e+00
5.706734657287597656e+00
0.000000000000000000e+00
2.344639778137207031e+00
2.974976778030395508e+00
5.190996646881103516e+00
5.628895282745361328e+00
4.705397605895996094e+00
8.438253402709960938e+00
9.708395004272460938e+00
8.273413658142089844e+00
9.802531242370605469e+00
7.287895679473876953e+00
7.659013748168945312e+00
5.690817832946777344e+00
0.000000000000000000e+00
2.362836122512817383e+00
3.123506546020507812e+00
5.910770416259765625e+00
7.699187278747558594e+00
8.355074882507324219e+00
1.120831775665283203e+01
1.347109508514404297e+01
1.254451084136962891e+01
1.163567161560058594e+01
8.702282905578613281e+00
7.764417648315429688e+00
5.663369178771972656e+00
0.000000000000000000e+00
2.356941938400268555e+00
3.099435806274414062e+00
5.862840175628662109e+00
7.643570423126220703e+00
8.255242347717285156e+00
1.110378932952880859e+01
1.338885784149169922e+01
1.246619796752929688e+01
1.160820198059082031e+01
8.707188606262207031e+00
7.777378559112548828e+00
5.680562973022460938e+00
0.000000000000000000e+00
2.602283477783203125e+00
3.468692302703857422e+00
5.301664352416992188e+00
8.185903549194335938e+00
1.059692668914794922e+01
1.433382701873779297e+01
1.135034370422363281e+01
9.653940200805664062e+00
1.032279109954833984e+01
7.791677474975585938e+00
7.558269500732421875e+00
5.777922153472900391e+00
0.000000000000000000e+00
2.684117317199707031e+00
3.432636260986328125e+00
5.272527217864990234e+00
6.994108676910400391e+00
7.419779777526855469e+00
1.122844886779785156e+01
1.136906909942626953e+01
9.478087425231933594e+00
1.005509376525878906e+01
7.343265056610107422e+00
7.827518463134765625e+00
5.811515808105468750e+00
0.000000000000000000e+00
2.622458219528198242e+00
3.243007898330688477e+00
5.269673347473144531e+00
6.692445755004882812e+00
5.696583747863769531e+00
9.221007347106933594e+00
1.067640686035156250e+01
9.317220687866210938e+00
1.009790325164794922e+01
7.186667919158935547e+00
7.788732051849365234e+00
5.779622077941894531e+00
0.000000000000000000e+00
2.679936885833740234e+00
3.346899271011352539e+00
5.315517902374267578e+00
6.945404052734375000e+00
7.132182121276855469e+00
1.041219043731689453e+01
1.124762058258056641e+01
1.025687599182128906e+01
1.027377033233642578e+01
7.366326332092285156e+00
7.838357448577880859e+00
5.833482265472412109e+00
0.000000000000000000e+00
2.601127147674560547e+00
3.382201194763183594e+00
5.449282646179199219e+00
6.506824493408203125e+00
5.455300807952880859e+00
9.063410758972167969e+00
1.040662097930908203e+01
8.990939140319824219e+00
1.023668956756591797e+01
7.514898300170898438e+00
7.775084018707275391e+00
5.786374568939208984e+00
0.000000000000000000e+00
2.469088792800903320e+00
3.733954906463623047e+00
7.005555152893066406e+00
9.781875610351562500e+00
9.866968154907226562e+00
1.158824920654296875e+01
9.247833251953125000e+00
1.220634841918945312e+01
1.154581546783447266e+01
8.702377319335937500e+00
8.116100311279296875e+00
5.731060504913330078e+00
0.000000000000000000e+00
2.352293491363525391e+00
3.469822406768798828e+00
6.605811595916748047e+00
9.192751884460449219e+00
8.809169769287109375e+00
1.065798282623291016e+01
8.505434036254882812e+00
1.166219806671142578e+01
1.123444461822509766e+01
8.501983642578125000e+00
7.924048900604248047e+00
5.798226356506347656e+00
0.000000000000000000e+00
2.450674772262573242e+00
3.632990837097167969e+00
6.894319057464599609e+00
9.722352981567382812e+00
9.845311164855957031e+00
1.138780784606933594e+01
9.268178939819335938e+00
1.215694141387939453e+01
1.145870208740234375e+01
8.602217674255371094e+00
8.122528076171875000e+00
5.765149116516113281e+00
0.000000000000000000e+00
2.335490703582763672e+00
3.393568038940429688e+00
6.493443965911865234e+00
9.127650260925292969e+00
8.732970237731933594e+00
1.046222114562988281e+01
8.344046592712402344e+00
1.151216888427734375e+01
1.117012214660644531e+01
8.503119468688964844e+00
7.916823863983154297e+00
5.757095336914062500e+00
0.000000000000000000e+00
2.304912328720092773e+00
2.804101705551147461e+00
4.517914772033691406e+00
6.030941009521484375e+00
8.020387649536132812e+00
7.512154102325439453e+00
9.817912101745605469e+00
1.098670864105224609e+01
9.731539726257324219e+00
7.034593105316162109e+00
7.729763984680175781e+00
6.120416641235351562e+00
0.000000000000000000e+00
2.266414165496826172e+00
2.788115024566650391e+00
4.414212703704833984e+00
6.177358627319335938e+00
8.112998008728027344e+00
7.585946083068847656e+00
1.051198768615722656e+01
1.129341220855712891e+01
9.709573745727539062e+00
7.096653461456298828e+00
7.937906742095947266e+00
6.135365009307861328e+00
0.000000000000000000e+00
2.463565111160278320e+00
3.418756723403930664e+00
5.195752143859863281e+00
6.394998073577880859e+00
7.011816978454589844e+00
9.592919349670410156e+00
1.256034088134765625e+01
1.086787319183349609e+01
1.114840698242187500e+01
8.630851745605468750e+00
7.671389102935791016e+00
6.019730091094970703e+00
0.000000000000000000e+00
2.591525316238403320e+00
3.178539276123046875e+00
5.237658977508544922e+00
6.154208660125732422e+00
4.939885139465332031e+00
8.011227607727050781e+00
1.037275505065917969e+01
1.103122329711914062e+01
1.080937385559082031e+01
7.684101581573486328e+00
7.804016113281250000e+00
5.824546813964843750e+00
0.000000000000000000e+00
2.472424983978271484e+00
3.358005046844482422e+00
6.091805458068847656e+00
8.532250404357910156e+00
9.212312698364257812e+00
1.204436111450195312e+01
1.392305755615234375e+01
1.258526897430419922e+01
1.177565479278564453e+01
8.851696014404296875e+00
8.034046173095703125e+00
5.823194026947021484e+00
0.000000000000000000e+00
2.700930356979370117e+00
3.518588304519653320e+00
5.560158729553222656e+00
7.918891429901123047e+00
1.095213127136230469e+01
1.043068313598632812e+01
8.869880676269531250e+00
1.203490734100341797e+01
1.082019710540771484e+01
7.834346294403076172e+00
8.090565681457519531e+00
5.999789714813232422e+00
0.000000000000000000e+00
2.736228704452514648e+00
3.294571399688720703e+00
4.858961582183837891e+00
5.490487575531005859e+00
5.465357780456542969e+00
9.240439414978027344e+00
1.014594554901123047e+01
8.258158683776855469e+00
9.631853103637695312e+00
7.215306282043457031e+00
8.059967994689941406e+00
6.069299697875976562e+00
0.000000000000000000e+00
2.575431823730468750e+00
3.190309286117553711e+00
5.206221103668212891e+00
7.532736301422119141e+00
9.871840476989746094e+00
9.657091140747070312e+00
1.063632774353027344e+01
7.892616748809814453e+00
9.962370872497558594e+00
7.767191886901855469e+00
7.796162128448486328e+00
5.766316890716552734e+00
0.000000000000000000e+00
2.407099008560180664e+00
3.553940057754516602e+00
5.732418060302734375e+00
6.657752037048339844e+00
7.845674991607666016e+00
1.125863456726074219e+01
1.308323860168457031e+01
1.130234527587890625e+01
1.170244312286376953e+01
8.552533149719238281e+00
7.906437873840332031e+00
5.917948722839355469e+00
0.000000000000000000e+00
2.465526342391967773e+00
3.664396286010742188e+00
5.698457717895507812e+00
6.542634963989257812e+00
7.532359600067138672e+00
1.098523426055908203e+01
1.283563804626464844e+01
1.112908554077148438e+01
1.164892578125000000e+01
8.583190917968750000e+00
7.961219310760498047e+00
5.828880310058593750e+00
0.000000000000000000e+00
2.489406108856201172e+00
3.646400928497314453e+00
5.693753719329833984e+00
6.313759326934814453e+00
7.731702327728271484e+00
1.117008495330810547e+01
1.302752780914306641e+01
1.120906448364257812e+01
1.168316173553466797e+01
8.602336883544921875e+00
8.005791664123535156e+00
5.861814498901367188e+00
0.000000000000000000e+00
2.443432569503784180e+00
3.680189132690429688e+00
5.677397251129150391e+00
6.688931941986083984e+00
7.742225170135498047e+00
1.120534515380859375e+01
1.301402378082275391e+01
1.132198715209960938e+01
1.174027347564697266e+01
8.553581237792968750e+00
8.036993980407714844e+00
5.823239803314208984e+00
0.000000000000000000e+00
2.461635589599609375e+00
3.493896245956420898e+00
5.819286823272705078e+00
6.754884243011474609e+00
7.848228931427001953e+00
1.128392124176025391e+01
1.302678108215332031e+01
1.129261970520019531e+01
1.176698684692382812e+01
8.618457794189453125e+00
8.011463165283203125e+00
5.849613666534423828e+00
0.000000000000000000e+00
2.444904327392578125e+00
3.764956235885620117e+00
5.864906787872314453e+00
5.789888381958007812e+00
7.603460311889648438e+00
1.110182762145996094e+01
1.295734882354736328e+01
1.131741237640380859e+01
1.172332191467285156e+01
8.728238105773925781e+00
8.182686805725097656e+00
5.959879398345947266e+00
0.000000000000000000e+00
2.596911191940307617e+00
3.744135618209838867e+00
6.071442127227783203e+00
6.616040706634521484e+00
8.228045463562011719e+00
1.171340656280517578e+01
1.331976032257080078e+01
1.165944862365722656e+01
1.203285598754882812e+01
8.930268287658691406e+00
8.128057479858398438e+00
5.903507232666015625e+00
0.000000000000000000e+00
2.408297538757324219e+00
3.252682924270629883e+00
5.731771469116210938e+00
7.528713703155517578e+00
8.011960983276367188e+00
1.046525478363037109e+01
1.300177192687988281e+01
1.178544807434082031e+01
1.162492275238037109e+01
8.811116218566894531e+00
7.803233146667480469e+00
5.798837184906005859e+00
0.000000000000000000e+00
2.495317697525024414e+00
3.588086366653442383e+00
5.985534191131591797e+00
8.500200271606445312e+00
9.021500587463378906e+00
1.219131374359130859e+01
1.420121574401855469e+01
1.221182727813720703e+01
1.198734283447265625e+01
9.043312072753906250e+00
7.967753410339355469e+00
5.916465759277343750e+00
0.000000000000000000e+00
2.465315341949462891e+00
3.377123594284057617e+00
5.884427547454833984e+00
7.660795688629150391e+00
8.855258941650390625e+00
1.087131309509277344e+01
1.323416423797607422e+01
1.236885452270507812e+01
1.184646224975585938e+01
8.876317977905273438e+00
7.915351390838623047e+00
5.909855842590332031e+00
0.000000000000000000e+00
2.447921037673950195e+00
3.150307655334472656e+00
5.904173851013183594e+00
8.260668754577636719e+00
8.317054748535156250e+00
1.123391723632812500e+01
1.351576137542724609e+01
1.179663658142089844e+01
1.171245479583740234e+01
8.842853546142578125e+00
7.591958522796630859e+00
5.572033882141113281e+00
0.000000000000000000e+00
2.538090467453002930e+00
3.378496170043945312e+00
6.263115882873535156e+00
8.698550224304199219e+00
9.085669517517089844e+00
1.194195365905761719e+01
1.413363552093505859e+01
1.241143894195556641e+01
1.206140613555908203e+01
8.995581626892089844e+00
7.809510231018066406e+00
5.653974056243896484e+00
0.000000000000000000e+00
2.533512115478515625e+00
3.423402309417724609e+00
6.342319488525390625e+00
8.676423072814941406e+00
8.970837593078613281e+00
1.180296897888183594e+01
1.403384208679199219e+01
1.235946369171142578e+01
1.207935810089111328e+01
9.054295539855957031e+00
7.888814926147460938e+00
5.726781845092773438e+00
0.000000000000000000e+00
2.581848382949829102e+00
3.398117542266845703e+00
6.225326538085937500e+00
8.530175209045410156e+00
8.939269065856933594e+00
1.182734203338623047e+01
1.405158519744873047e+01
1.225215625762939453e+01
1.198520565032958984e+01
8.940532684326171875e+00
7.943251132965087891e+00
5.805418491363525391e+00
0.000000000000000000e+00
2.444702386856079102e+00
3.271178960800170898e+00
6.011904716491699219e+00
8.106463432312011719e+00
8.524681091308593750e+00
1.159283542633056641e+01
1.392913055419921875e+01
1.241602134704589844e+01
1.172895908355712891e+01
8.922118186950683594e+00
7.834446430206298828e+00
5.791257858276367188e+00
0.000000000000000000e+00
2.384825706481933594e+00
3.075650453567504883e+00
5.745497226715087891e+00
6.854469299316406250e+00
6.288730621337890625e+00
9.913125991821289062e+00
9.651202201843261719e+00
1.285422325134277344e+01
1.123152923583984375e+01
8.785225868225097656e+00
7.863192558288574219e+00
5.599001884460449219e+00
0.000000000000000000e+00
2.424490451812744141e+00
3.387275934219360352e+00
5.831995964050292969e+00
7.958284378051757812e+00
8.821263313293457031e+00
1.118179416656494141e+01
1.340259075164794922e+01
1.254542255401611328e+01
1.168441104888916016e+01
8.658451080322265625e+00
7.759935379028320312e+00
5.796838283538818359e+00
0.000000000000000000e+00
2.557578325271606445e+00
3.469815969467163086e+00
6.072409152984619141e+00
8.634616851806640625e+00
1.084913635253906250e+01
1.047487545013427734e+01
7.924399375915527344e+00
1.041546821594238281e+01
1.099600601196289062e+01
8.331945419311523438e+00
8.047894477844238281e+00
5.792714595794677734e+00
0.000000000000000000e+00
2.675059795379638672e+00
3.528264999389648438e+00
6.149500370025634766e+00
8.585967063903808594e+00
1.057235145568847656e+01
1.053279113769531250e+01
8.167310714721679688e+00
1.070719909667968750e+01
1.122131538391113281e+01
8.580252647399902344e+00
8.065131187438964844e+00
5.832609176635742188e+00
0.000000000000000000e+00
2.554430961608886719e+00
3.449622392654418945e+00
6.160901546478271484e+00
8.459375381469726562e+00
1.058374786376953125e+01
1.046122741699218750e+01
8.013843536376953125e+00
1.072459697723388672e+01
1.118634223937988281e+01
8.419362068176269531e+00
7.893309593200683594e+00
5.776448249816894531e+00
0.000000000000000000e+00
2.654028177261352539e+00
3.647874593734741211e+00
6.326685905456542969e+00
8.678852081298828125e+00
1.077507114410400391e+01
1.064623165130615234e+01
8.224304199218750000e+00
1.097122001647949219e+01
1.145799827575683594e+01
8.643596649169921875e+00
8.047080993652343750e+00
5.918817520141601562e+00
0.000000000000000000e+00
2.491097211837768555e+00
3.158882141113281250e+00
5.926883697509765625e+00
7.958625316619873047e+00
7.263045787811279297e+00
1.075349330902099609e+01
1.294315528869628906e+01
1.042669773101806641e+01
1.134835624694824219e+01
8.742274284362792969e+00
7.671217441558837891e+00
5.588120460510253906e+00
0.000000000000000000e+00
2.633186101913452148e+00
3.528393745422363281e+00
6.309659957885742188e+00
8.358992576599121094e+00
7.556610107421875000e+00
1.118445682525634766e+01
1.345195007324218750e+01
1.093932437896728516e+01
1.169219684600830078e+01
9.048283576965332031e+00
8.091634750366210938e+00
5.939002990722656250e+00
0.000000000000000000e+00
2.447390079498291016e+00
3.370622873306274414e+00
5.910725593566894531e+00
8.077335357666015625e+00
8.760009765625000000e+00
1.138135242462158203e+01
1.364299011230468750e+01
1.238446140289306641e+01
1.155047607421875000e+01
8.595139503479003906e+00
7.809637546539306641e+00
5.744688510894775391e+00
0.000000000000000000e+00
2.454849004745483398e+00
3.382303714752197266e+00
5.928598403930664062e+00
8.126781463623046875e+00
8.777277946472167969e+00
1.149701309204101562e+01
1.368665409088134766e+01
1.239084625244140625e+01
1.155653095245361328e+01
8.592518806457519531e+00
7.841664314270019531e+00
5.776084899902343750e+00
0.000000000000000000e+00
2.492155551910400391e+00
3.281578302383422852e+00
5.840839385986328125e+00
8.009306907653808594e+00
8.727676391601562500e+00
1.129873085021972656e+01
1.362926483154296875e+01
1.253739929199218750e+01
1.161826419830322266e+01
8.655603408813476562e+00
7.998181343078613281e+00
5.838795185089111328e+00
0.000000000000000000e+00
2.649718046188354492e+00
3.442403078079223633e+00
5.458545207977294922e+00
5.822338581085205078e+00
5.887097358703613281e+00
9.685973167419433594e+00
1.038079357147216797e+01
8.351277351379394531e+00
9.844332695007324219e+00
7.325354576110839844e+00
7.930650234222412109e+00
5.789630413055419922e+00
0.000000000000000000e+00
2.494759082794189453e+00
3.393456697463989258e+00
6.158160686492919922e+00
8.692526817321777344e+00
8.891124725341796875e+00
1.263707447052001953e+01
1.398585128784179688e+01
1.203874397277832031e+01
1.124234008789062500e+01
8.177124023437500000e+00
7.817353248596191406e+00
5.859050750732421875e+00
0.000000000000000000e+00
2.510282754898071289e+00
3.398112535476684570e+00
6.118830204010009766e+00
8.691431999206542969e+00
8.926812171936035156e+00
1.268619537353515625e+01
1.399796295166015625e+01
1.203003597259521484e+01
1.123168945312500000e+01
8.162041664123535156e+00
7.791568279266357422e+00
5.907824516296386719e+00
0.000000000000000000e+00
2.186036825180053711e+00
3.081587553024291992e+00
5.645784854888916016e+00
8.124265670776367188e+00
7.523191452026367188e+00
1.107059860229492188e+01
1.291339111328125000e+01
1.117294216156005859e+01
1.069817161560058594e+01
7.872005939483642578e+00
7.761979103088378906e+00
5.822330474853515625e+00
0.000000000000000000e+00
2.542516469955444336e+00
3.598212003707885742e+00
6.399699687957763672e+00
9.111805915832519531e+00
9.049124717712402344e+00
1.210314941406250000e+01
1.051347446441650391e+01
1.361935901641845703e+01
1.174408149719238281e+01
8.369333267211914062e+00
7.893141269683837891e+00
5.925376415252685547e+00
0.000000000000000000e+00
2.299308300018310547e+00
2.983436822891235352e+00
5.862669467926025391e+00
8.314484596252441406e+00
8.467492103576660156e+00
1.002593994140625000e+01
8.510348320007324219e+00
1.120716762542724609e+01
1.113675498962402344e+01
8.255909919738769531e+00
7.471958637237548828e+00
5.540529251098632812e+00
0.000000000000000000e+00
2.725787162780761719e+00
3.431156635284423828e+00
4.754641056060791016e+00
8.363230705261230469e+00
1.028134536743164062e+01
9.943992614746093750e+00
7.732228755950927734e+00
1.095513439178466797e+01
1.002121257781982422e+01
7.481244087219238281e+00
8.023787498474121094e+00
5.764069557189941406e+00
0.000000000000000000e+00
2.618928194046020508e+00
3.224402666091918945e+00
5.317298412322998047e+00
5.954926967620849609e+00
4.292974472045898438e+00
5.821452617645263672e+00
7.952682495117187500e+00
1.072248840332031250e+01
1.027133750915527344e+01
7.378785133361816406e+00
7.610331535339355469e+00
5.719351291656494141e+00
0.000000000000000000e+00
2.597291231155395508e+00
3.310469627380371094e+00
5.638594627380371094e+00
6.267968177795410156e+00
4.728488922119140625e+00
6.405195236206054688e+00
8.522345542907714844e+00
1.122843837738037109e+01
1.068086433410644531e+01
7.757864952087402344e+00
7.783815860748291016e+00
5.764519691467285156e+00
0.000000000000000000e+00
2.543912887573242188e+00
3.470235586166381836e+00
5.147567272186279297e+00
6.306806564331054688e+00
6.888842105865478516e+00
3.335326671600341797e+00
3.899535655975341797e+00
7.527954101562500000e+00
9.601173400878906250e+00
7.576869010925292969e+00
7.970738410949707031e+00
5.973092079162597656e+00
0.000000000000000000e+00
2.595759630203247070e+00
3.418220520019531250e+00
5.341165542602539062e+00
6.230642318725585938e+00
5.464137554168701172e+00
7.158161163330078125e+00
9.189092636108398438e+00
1.158628463745117188e+01
1.065108871459960938e+01
7.556149482727050781e+00
7.659307479858398438e+00
5.591702461242675781e+00
0.000000000000000000e+00
2.452622413635253906e+00
3.297650337219238281e+00
5.243786334991455078e+00
6.343113899230957031e+00
6.692440986633300781e+00
3.196336984634399414e+00
3.859180927276611328e+00
7.373265266418457031e+00
9.584658622741699219e+00
7.485499858856201172e+00
7.807870864868164062e+00
5.969897270202636719e+00
0.000000000000000000e+00
2.549696922302246094e+00
3.423495292663574219e+00
5.385939121246337891e+00
6.266388416290283203e+00
5.674313068389892578e+00
7.319214820861816406e+00
9.241794586181640625e+00
1.179412937164306641e+01
1.071620178222656250e+01
7.565176010131835938e+00
7.573783874511718750e+00
5.688966274261474609e+00
0.000000000000000000e+00
2.330584287643432617e+00
3.060591697692871094e+00
5.076902866363525391e+00
5.864991664886474609e+00
7.058955192565917969e+00
9.041167259216308594e+00
1.157803153991699219e+01
1.069628047943115234e+01
1.054851627349853516e+01
8.678687095642089844e+00
7.753627300262451172e+00
5.467798709869384766e+00
0.000000000000000000e+00
2.358770608901977539e+00
3.105489730834960938e+00
5.218497276306152344e+00
5.892263412475585938e+00
7.233062267303466797e+00
9.187493324279785156e+00
1.175424671173095703e+01
1.078935146331787109e+01
1.061513328552246094e+01
8.663848876953125000e+00
7.758817195892333984e+00
5.437600612640380859e+00
0.000000000000000000e+00
2.576805114746093750e+00
3.357987642288208008e+00
5.373669147491455078e+00
6.479938507080078125e+00
5.006091117858886719e+00
3.906726121902465820e+00
7.215225219726562500e+00
9.177469253540039062e+00
9.913481712341308594e+00
7.358685493469238281e+00
7.753151893615722656e+00
5.819283962249755859e+00
0.000000000000000000e+00
2.568855762481689453e+00
3.310960531234741211e+00
5.443800926208496094e+00
6.408105373382568359e+00
5.270552158355712891e+00
4.000040054321289062e+00
7.348602771759033203e+00
9.193471908569335938e+00
9.849497795104980469e+00
7.309758186340332031e+00
7.736121654510498047e+00
5.833119869232177734e+00
0.000000000000000000e+00
2.608177900314331055e+00
3.429029941558837891e+00
5.468370914459228516e+00
6.558022022247314453e+00
5.388964176177978516e+00
7.063119888305664062e+00
1.044604969024658203e+01
9.845548629760742188e+00
1.012328338623046875e+01
7.536189556121826172e+00
7.790679454803466797e+00
5.847183704376220703e+00
0.000000000000000000e+00
2.612092256546020508e+00
3.366749525070190430e+00
5.595752716064453125e+00
6.629641056060791016e+00
5.436295986175537109e+00
7.086705207824707031e+00
1.039583873748779297e+01
9.856956481933593750e+00
1.009062576293945312e+01
7.495925426483154297e+00
7.793691158294677734e+00
5.854203224182128906e+00
0.000000000000000000e+00
2.453266620635986328e+00
3.553398370742797852e+00
5.618520736694335938e+00
6.131189823150634766e+00
8.003895759582519531e+00
1.128505325317382812e+01
1.304484558105468750e+01
1.128557872772216797e+01
1.162568378448486328e+01
8.562190055847167969e+00
7.848942756652832031e+00
5.757163047790527344e+00
0.000000000000000000e+00
2.451035261154174805e+00
3.609263181686401367e+00
5.723324298858642578e+00
6.245275974273681641e+00
8.002681732177734375e+00
1.151451396942138672e+01
1.329658508300781250e+01
1.135761928558349609e+01
1.168097305297851562e+01
8.660242080688476562e+00
7.930576801300048828e+00
5.705711841583251953e+00
0.000000000000000000e+00
2.344258785247802734e+00
3.158706903457641602e+00
6.160445213317871094e+00
8.085613250732421875e+00
7.633366107940673828e+00
1.031444740295410156e+01
9.007687568664550781e+00
1.246868896484375000e+01
1.158856582641601562e+01
8.838269233703613281e+00
7.826407432556152344e+00
5.670679092407226562e+00
0.000000000000000000e+00
2.343791246414184570e+00
3.316680908203125000e+00
6.361213684082031250e+00
8.273532867431640625e+00
7.720607757568359375e+00
1.053901100158691406e+01
9.044557571411132812e+00
1.246944427490234375e+01
1.166097068786621094e+01
9.050452232360839844e+00
7.938977241516113281e+00
5.640961170196533203e+00
0.000000000000000000e+00
2.459508657455444336e+00
3.321696519851684570e+00
5.702149391174316406e+00
7.932810306549072266e+00
8.937062263488769531e+00
1.159410667419433594e+01
1.321082687377929688e+01
1.271654224395751953e+01
1.156867504119873047e+01
8.542853355407714844e+00
7.778260231018066406e+00
5.709832191467285156e+00
0.000000000000000000e+00
2.473833084106445312e+00
3.343094110488891602e+00
5.824970245361328125e+00
7.843079566955566406e+00
8.937085151672363281e+00
1.136646556854248047e+01
1.320474243164062500e+01
1.268633270263671875e+01
1.153711795806884766e+01
8.598821640014648438e+00
7.822610378265380859e+00
5.757220268249511719e+00
0.000000000000000000e+00
2.541950941085815430e+00
3.343267679214477539e+00
6.075549602508544922e+00
8.086466789245605469e+00
8.952299118041992188e+00
1.160115814208984375e+01
1.347257328033447266e+01
1.265975570678710938e+01
1.166163635253906250e+01
8.596541404724121094e+00
7.824194908142089844e+00
5.770038127899169922e+00
0.000000000000000000e+00
2.334340572357177734e+00
2.678768634796142578e+00
5.519614696502685547e+00
7.799632072448730469e+00
8.227835655212402344e+00
1.117904376983642578e+01
1.315579223632812500e+01
1.184143543243408203e+01
1.126478004455566406e+01
8.259541511535644531e+00
7.766486167907714844e+00
6.004740715026855469e+00
0.000000000000000000e+00
2.464076519012451172e+00
2.908096551895141602e+00
5.547969818115234375e+00
8.080924987792968750e+00
8.604272842407226562e+00
1.155548000335693359e+01
1.362319469451904297e+01
1.217460632324218750e+01
1.123584175109863281e+01
8.188345909118652344e+00
8.028349876403808594e+00
6.039962291717529297e+00
0.000000000000000000e+00
2.463378429412841797e+00
2.908256530761718750e+00
5.548816204071044922e+00
8.081193923950195312e+00
8.604249954223632812e+00
1.155569744110107422e+01
1.362337684631347656e+01
1.217356872558593750e+01
1.123539733886718750e+01
8.188019752502441406e+00
8.028887748718261719e+00
6.039506435394287109e+00
0.000000000000000000e+00
2.497659444808959961e+00
3.194128751754760742e+00
5.828265666961669922e+00
7.776204586029052734e+00
8.635139465332031250e+00
1.118223571777343750e+01
1.346038150787353516e+01
1.217027473449707031e+01
1.148599815368652344e+01
8.662310600280761719e+00
7.708591938018798828e+00
5.763500690460205078e+00
0.000000000000000000e+00
2.628337144851684570e+00
3.290698766708374023e+00
5.342816829681396484e+00
6.863318920135498047e+00
6.659265995025634766e+00
9.927766799926757812e+00
1.059181308746337891e+01
9.384878158569335938e+00
9.926728248596191406e+00
7.138932704925537109e+00
7.747904300689697266e+00
5.751395225524902344e+00
0.000000000000000000e+00
2.690117597579956055e+00
3.354301214218139648e+00
5.253179550170898438e+00
6.549047946929931641e+00
6.256956577301025391e+00
9.751705169677734375e+00
1.024829769134521484e+01
9.518792152404785156e+00
9.909439086914062500e+00
7.108400344848632812e+00
7.854750156402587891e+00
5.894480228424072266e+00
0.000000000000000000e+00
2.474827766418457031e+00
3.136918544769287109e+00
5.236754894256591797e+00
6.326001167297363281e+00
5.350827693939208984e+00
4.242608547210693359e+00
7.924059391021728516e+00
9.645254135131835938e+00
1.010647487640380859e+01
7.332110404968261719e+00
7.592680931091308594e+00
5.762062072753906250e+00
0.000000000000000000e+00
2.192614555358886719e+00
3.054902553558349609e+00
4.759821891784667969e+00
6.430056571960449219e+00
5.834074020385742188e+00
8.878585815429687500e+00
8.093641281127929688e+00
1.159078121185302734e+01
1.053163242340087891e+01
8.244558334350585938e+00
7.139269351959228516e+00
5.482161998748779297e+00
0.000000000000000000e+00
2.204865455627441406e+00
3.118053197860717773e+00
4.807884693145751953e+00
6.541247844696044922e+00
6.003701686859130859e+00
9.042619705200195312e+00
8.191855430603027344e+00
1.168062400817871094e+01
1.063433933258056641e+01
8.327075004577636719e+00
7.182154655456542969e+00
5.493763446807861328e+00
0.000000000000000000e+00
2.361778259277343750e+00
3.160378694534301758e+00
4.432280063629150391e+00
4.411365985870361328e+00
5.572721481323242188e+00
8.347696304321289062e+00
1.012715721130371094e+01
1.188461971282958984e+01
1.145828914642333984e+01
8.689650535583496094e+00
7.826596736907958984e+00
5.698410034179687500e+00
0.000000000000000000e+00
2.460410833358764648e+00
3.208651065826416016e+00
4.596280574798583984e+00
4.732917308807373047e+00
5.366699218750000000e+00
8.147377967834472656e+00
1.019676399230957031e+01
1.176318931579589844e+01
1.161214542388916016e+01
8.842156410217285156e+00
7.839736938476562500e+00
5.643678188323974609e+00
0.000000000000000000e+00
2.418916702270507812e+00
3.043647289276123047e+00
4.246599674224853516e+00
4.132453918457031250e+00
4.549248695373535156e+00
7.309031009674072266e+00
9.557001113891601562e+00
1.094673347473144531e+01
1.134197330474853516e+01
8.663241386413574219e+00
7.697194576263427734e+00
5.633443832397460938e+00
0.000000000000000000e+00
2.470594644546508789e+00
3.297030687332153320e+00
4.604835510253906250e+00
4.497978210449218750e+00
5.446835041046142578e+00
8.024392127990722656e+00
1.019889163970947266e+01
1.186074066162109375e+01
1.166898345947265625e+01
8.898901939392089844e+00
8.039635658264160156e+00
5.765443801879882812e+00
0.000000000000000000e+00
2.482227087020874023e+00
3.259759187698364258e+00
4.598973274230957031e+00
4.800656318664550781e+00
4.989517211914062500e+00
7.964697360992431641e+00
1.002162933349609375e+01
1.101985454559326172e+01
1.098403739929199219e+01
8.596441268920898438e+00
7.863794803619384766e+00
5.755727291107177734e+00
0.000000000000000000e+00
2.380742788314819336e+00
3.159751176834106445e+00
4.535022258758544922e+00
4.570875644683837891e+00
5.787664413452148438e+00
8.428231239318847656e+00
1.039207267761230469e+01
1.197044754028320312e+01
1.148492240905761719e+01
8.733407020568847656e+00
7.793854713439941406e+00
5.616947650909423828e+00
0.000000000000000000e+00
2.411846876144409180e+00
3.275946855545043945e+00
4.648784160614013672e+00
4.628626823425292969e+00
5.597545623779296875e+00
8.493704795837402344e+00
1.027359390258789062e+01
1.185941219329833984e+01
1.157734203338623047e+01
8.878521919250488281e+00
8.168192863464355469e+00
5.967770576477050781e+00
0.000000000000000000e+00
2.462041139602661133e+00
3.213864564895629883e+00
4.409132957458496094e+00
4.310668945312500000e+00
5.183721542358398438e+00
8.039480209350585938e+00
9.933615684509277344e+00
1.157833862304687500e+01
1.141754055023193359e+01
8.789297103881835938e+00
8.109682083129882812e+00
5.900469303131103516e+00
0.000000000000000000e+00
2.443080425262451172e+00
3.268408298492431641e+00
4.612610340118408203e+00
4.556285858154296875e+00
5.419587612152099609e+00
8.191096305847167969e+00
1.003718757629394531e+01
1.181526088714599609e+01
1.152937412261962891e+01
8.845952987670898438e+00
8.062965393066406250e+00
5.893282890319824219e+00
0.000000000000000000e+00
2.481198787689208984e+00
3.209461450576782227e+00
4.517908096313476562e+00
4.626447200775146484e+00
5.519471168518066406e+00
8.350181579589843750e+00
1.021200752258300781e+01
1.176911830902099609e+01
1.142293834686279297e+01
8.752477645874023438e+00
8.058190345764160156e+00
5.808746814727783203e+00
0.000000000000000000e+00
2.473388433456420898e+00
3.209603548049926758e+00
4.583582878112792969e+00
4.425216674804687500e+00
5.496128559112548828e+00
8.088377952575683594e+00
9.986099243164062500e+00
1.190959930419921875e+01
1.159241104125976562e+01
8.953003883361816406e+00
8.085107803344726562e+00
5.854601383209228516e+00
0.000000000000000000e+00
2.366816043853759766e+00
3.228198289871215820e+00
4.769587516784667969e+00
4.837180137634277344e+00
6.319759845733642578e+00
9.582460403442382812e+00
1.082764053344726562e+01
1.276813125610351562e+01
1.187716388702392578e+01
8.993839263916015625e+00
8.155584335327148438e+00
5.813691616058349609e+00
0.000000000000000000e+00
2.375263929367065430e+00
3.117839574813842773e+00
4.346264839172363281e+00
4.370916843414306641e+00
5.341964721679687500e+00
8.040724754333496094e+00
9.988748550415039062e+00
1.158729267120361328e+01
1.143111896514892578e+01
8.749976158142089844e+00
8.151538848876953125e+00
5.921817302703857422e+00
0.000000000000000000e+00
2.470782518386840820e+00
3.314201831817626953e+00
4.710368633270263672e+00
4.806083202362060547e+00
6.086283683776855469e+00
8.797195434570312500e+00
1.062321281433105469e+01
1.234400558471679688e+01
1.190957641601562500e+01
9.148404121398925781e+00
8.221285820007324219e+00
5.870644092559814453e+00
0.000000000000000000e+00
2.422161102294921875e+00
3.446664810180664062e+00
6.008984565734863281e+00
8.233593940734863281e+00
9.039886474609375000e+00
1.137712097167968750e+01
1.381446266174316406e+01
1.270879745483398438e+01
1.181395053863525391e+01
8.924173355102539062e+00
7.750133037567138672e+00
5.704381465911865234e+00
0.000000000000000000e+00
2.413286447525024414e+00
3.425879001617431641e+00
6.002851009368896484e+00
8.231671333312988281e+00
9.156812667846679688e+00
1.146857929229736328e+01
1.387320613861083984e+01
1.272852706909179688e+01
1.175648117065429688e+01
8.887270927429199219e+00
7.783013820648193359e+00
5.719592571258544922e+00
0.000000000000000000e+00
2.467964649200439453e+00
3.408520698547363281e+00
4.345073223114013672e+00
4.992294311523437500e+00
5.235495090484619141e+00
7.276765346527099609e+00
1.040807056427001953e+01
1.098273849487304688e+01
9.962479591369628906e+00
8.066816329956054688e+00
7.597463607788085938e+00
5.613820552825927734e+00
0.000000000000000000e+00
2.110716581344604492e+00
2.837523221969604492e+00
5.418872833251953125e+00
7.026285171508789062e+00
6.758741378784179688e+00
1.037860393524169922e+01
1.247081089019775391e+01
1.237442970275878906e+01
1.140778636932373047e+01
8.373858451843261719e+00
7.166430473327636719e+00
5.770116806030273438e+00
0.000000000000000000e+00
2.120894908905029297e+00
2.720369815826416016e+00
5.293976306915283203e+00
6.832230567932128906e+00
6.485187530517578125e+00
1.005584526062011719e+01
1.218340969085693359e+01
1.218445777893066406e+01
1.126336479187011719e+01
8.378593444824218750e+00
7.138360023498535156e+00
5.765751838684082031e+00
0.000000000000000000e+00
2.135721683502197266e+00
2.794418811798095703e+00
5.381670475006103516e+00
7.012153625488281250e+00
6.773696899414062500e+00
1.027659320831298828e+01
1.235949802398681641e+01
1.231683158874511719e+01
1.138335704803466797e+01
8.410905838012695312e+00
7.205336093902587891e+00
5.767743110656738281e+00
0.000000000000000000e+00
2.093951702117919922e+00
2.755631685256958008e+00
5.290735721588134766e+00
6.906593322753906250e+00
6.592366218566894531e+00
1.014803409576416016e+01
1.221899223327636719e+01
1.212191963195800781e+01
1.121671676635742188e+01
8.282540321350097656e+00
7.121184825897216797e+00
5.754363536834716797e+00
0.000000000000000000e+00
2.558901548385620117e+00
2.886006593704223633e+00
5.488914489746093750e+00
7.416473388671875000e+00
7.897201061248779297e+00
1.065586853027343750e+01
1.321017742156982422e+01
1.198193645477294922e+01
1.133641052246093750e+01
8.356664657592773438e+00
7.735478401184082031e+00
5.936302661895751953e+00
0.000000000000000000e+00
2.543724536895751953e+00
3.524753093719482422e+00
5.728457927703857422e+00
7.729692935943603516e+00
7.409662246704101562e+00
9.991260528564453125e+00
1.283478355407714844e+01
1.173538112640380859e+01
1.158945560455322266e+01
8.999506950378417969e+00
7.887911319732666016e+00
5.701126575469970703e+00
0.000000000000000000e+00
2.324364423751831055e+00
3.378357887268066406e+00
5.932120800018310547e+00
8.111577987670898438e+00
8.927606582641601562e+00
1.178421020507812500e+01
1.361842441558837891e+01
1.211957836151123047e+01
1.148272228240966797e+01
8.617128372192382812e+00
7.759340763092041016e+00
5.723755836486816406e+00
0.000000000000000000e+00
2.333597421646118164e+00
2.671671390533447266e+00
5.322010993957519531e+00
7.720878601074218750e+00
9.228093147277832031e+00
1.188441181182861328e+01
1.350910949707031250e+01
1.211980533599853516e+01
1.098132705688476562e+01
7.690572261810302734e+00
7.895452499389648438e+00
5.553803920745849609e+00
0.000000000000000000e+00
2.054928779602050781e+00
2.382798671722412109e+00
5.320374488830566406e+00
6.829406261444091797e+00
8.237062454223632812e+00
1.158067035675048828e+01
1.343134212493896484e+01
1.075251293182373047e+01
1.030417346954345703e+01
7.163380146026611328e+00
7.844695568084716797e+00
5.573120594024658203e+00
0.000000000000000000e+00
2.325528621673583984e+00
3.396339654922485352e+00
5.649114608764648438e+00
7.797073364257812500e+00
6.880406856536865234e+00
1.015787410736083984e+01
8.923488616943359375e+00
1.257251834869384766e+01
1.159861373901367188e+01
8.759604454040527344e+00
7.679871559143066406e+00
5.618295192718505859e+00
0.000000000000000000e+00
2.589236021041870117e+00
3.540398120880126953e+00
6.262083530426025391e+00
8.408884048461914062e+00
1.037882804870605469e+01
1.049443054199218750e+01
8.426377296447753906e+00
1.129624557495117188e+01
1.138528156280517578e+01
8.488899230957031250e+00
7.901612281799316406e+00
5.769721508026123047e+00
0.000000000000000000e+00
2.421342134475708008e+00
2.849367618560791016e+00
4.557816505432128906e+00
4.743466377258300781e+00
4.438321590423583984e+00
7.707758426666259766e+00
9.673190116882324219e+00
1.077141761779785156e+01
1.025607967376708984e+01
7.189096927642822266e+00
7.550657272338867188e+00
6.401014328002929688e+00
0.000000000000000000e+00
2.356024503707885742e+00
3.884207725524902344e+00
5.883978366851806641e+00
8.107469558715820312e+00
7.347825050354003906e+00
1.067794227600097656e+01
9.689024925231933594e+00
1.317285346984863281e+01
1.179254722595214844e+01
8.742988586425781250e+00
8.092824935913085938e+00
5.610190868377685547e+00
0.000000000000000000e+00
2.335953950881958008e+00
3.919080734252929688e+00
5.861076354980468750e+00
8.131545066833496094e+00
7.357085227966308594e+00
1.071042728424072266e+01
9.684047698974609375e+00
1.316589069366455078e+01
1.181783390045166016e+01
8.728862762451171875e+00
8.105003356933593750e+00
5.604723453521728516e+00
0.000000000000000000e+00
2.589236021041870117e+00
3.540398120880126953e+00
6.262083530426025391e+00
8.408884048461914062e+00
1.037882804870605469e+01
1.049443054199218750e+01
8.426377296447753906e+00
1.129624557495117188e+01
1.138528156280517578e+01
8.488899230957031250e+00
7.901612281799316406e+00
5.769721508026123047e+00
0.000000000000000000e+00
2.560024023056030273e+00
3.422907590866088867e+00
6.026685237884521484e+00
8.625619888305664062e+00
9.657121658325195312e+00
1.023971939086914062e+01
8.153117179870605469e+00
1.114665699005126953e+01
1.159637355804443359e+01
8.793133735656738281e+00
7.930265903472900391e+00
5.741645336151123047e+00
0.000000000000000000e+00
2.591190338134765625e+00
3.383708715438842773e+00
5.966028213500976562e+00
8.616211891174316406e+00
9.424127578735351562e+00
9.764581680297851562e+00
8.062008857727050781e+00
1.119598674774169922e+01
1.135829067230224609e+01
8.733495712280273438e+00
7.892974376678466797e+00
5.720198631286621094e+00
0.000000000000000000e+00
2.564852714538574219e+00
3.349052667617797852e+00
5.918069839477539062e+00
8.030799865722656250e+00
9.245517730712890625e+00
1.003467178344726562e+01
8.148261070251464844e+00
1.118762874603271484e+01
1.142393589019775391e+01
8.659249305725097656e+00
7.912732124328613281e+00
5.732964515686035156e+00
0.000000000000000000e+00
2.606249094009399414e+00
3.463299274444580078e+00
6.065589904785156250e+00
8.676804542541503906e+00
1.027668857574462891e+01
1.019693756103515625e+01
8.067111968994140625e+00
1.105259132385253906e+01
1.142590618133544922e+01
8.898955345153808594e+00
7.920437812805175781e+00
5.841560840606689453e+00
0.000000000000000000e+00
2.553408861160278320e+00
3.424891233444213867e+00
6.091750144958496094e+00
8.336548805236816406e+00
1.044010353088378906e+01
1.029468536376953125e+01
7.978092670440673828e+00
1.065927600860595703e+01
1.128424739837646484e+01
8.408667564392089844e+00
7.884414196014404297e+00
5.838604927062988281e+00
0.000000000000000000e+00
2.689668893814086914e+00
3.566569566726684570e+00
5.829831600189208984e+00
6.593604564666748047e+00
4.631361961364746094e+00
3.553826093673706055e+00
6.737331867218017578e+00
9.925984382629394531e+00
1.034592247009277344e+01
7.571332931518554688e+00
7.796720504760742188e+00
5.793029308319091797e+00
0.000000000000000000e+00
2.354964256286621094e+00
3.882514715194702148e+00
5.882641792297363281e+00
8.105615615844726562e+00
7.344962596893310547e+00
1.067461872100830078e+01
9.686072349548339844e+00
1.317095088958740234e+01
1.179049968719482422e+01
8.742053031921386719e+00
8.092559814453125000e+00
5.609776020050048828e+00
0.000000000000000000e+00
2.407680988311767578e+00
3.316585779190063477e+00
5.189992904663085938e+00
7.358111858367919922e+00
5.668433189392089844e+00
8.866394042968750000e+00
8.209063529968261719e+00
1.171949100494384766e+01
1.068557167053222656e+01
8.138864517211914062e+00
6.966735839843750000e+00
6.075987815856933594e+00
0.000000000000000000e+00
2.749425649642944336e+00
3.536305665969848633e+00
5.853168964385986328e+00
8.417425155639648438e+00
8.956536293029785156e+00
9.576689720153808594e+00
8.982029914855957031e+00
1.185511970520019531e+01
1.174644565582275391e+01
8.529209136962890625e+00
8.144798278808593750e+00
6.156955718994140625e+00
0.000000000000000000e+00
2.357662916183471680e+00
3.953501224517822266e+00
5.885746002197265625e+00
8.158617973327636719e+00
7.425434112548828125e+00
1.073108959197998047e+01
9.740332603454589844e+00
1.320011043548583984e+01
1.181756019592285156e+01
8.747171401977539062e+00
8.126125335693359375e+00
5.610217094421386719e+00
0.000000000000000000e+00
2.285198688507080078e+00
3.204478502273559570e+00
5.913455963134765625e+00
8.335501670837402344e+00
8.134554862976074219e+00
1.148836040496826172e+01
9.841067314147949219e+00
1.261461639404296875e+01
1.170057487487792969e+01
8.851032257080078125e+00
7.906591892242431641e+00
5.762638092041015625e+00
0.000000000000000000e+00
2.731183767318725586e+00
3.320735216140747070e+00
6.194566249847412109e+00
8.033118247985839844e+00
7.438735961914062500e+00
9.619570732116699219e+00
7.779037475585937500e+00
1.110048198699951172e+01
1.120862483978271484e+01
8.645808219909667969e+00
8.047386169433593750e+00
5.890571117401123047e+00
0.000000000000000000e+00
2.540749073028564453e+00
3.343782901763916016e+00
6.174093246459960938e+00
7.828921794891357422e+00
6.782617568969726562e+00
9.919176101684570312e+00
9.442916870117187500e+00
1.273171424865722656e+01
1.170808219909667969e+01
8.792080879211425781e+00
7.984696388244628906e+00
5.678359508514404297e+00
0.000000000000000000e+00
2.348552227020263672e+00
3.131984949111938477e+00
5.732679367065429688e+00
7.923495769500732422e+00
9.031381607055664062e+00
1.170373058319091797e+01
1.388434314727783203e+01
1.208547496795654297e+01
1.130471706390380859e+01
8.393053054809570312e+00
7.679774284362792969e+00
5.604057788848876953e+00
0.000000000000000000e+00
2.344892978668212891e+00
3.152569532394409180e+00
5.763534069061279297e+00
7.939359664916992188e+00
9.038102149963378906e+00
1.166499137878417969e+01
1.389162254333496094e+01
1.213393306732177734e+01
1.137325096130371094e+01
8.438480377197265625e+00
7.660664558410644531e+00
5.623436450958251953e+00
0.000000000000000000e+00
2.289130687713623047e+00
3.047268629074096680e+00
5.639915943145751953e+00
7.819017887115478516e+00
8.874492645263671875e+00
1.158830451965332031e+01
1.380608940124511719e+01
1.195588207244873047e+01
1.125542926788330078e+01
8.312248229980468750e+00
7.575407505035400391e+00
5.545999526977539062e+00
