0.000000000000000000e+00
2.363492727279663086e+00
2.918397903442382812e+00
5.113839149475097656e+00
5.949831962585449219e+00
6.947362422943115234e+00
7.723438739776611328e+00
1.134618473052978516e+01
1.042611598968505859e+01
1.088044166564941406e+01
7.780911922454833984e+00
7.246917247772216797e+00
5.200859546661376953e+00
0.000000000000000000e+00
2.720221996307373047e+00
3.498275756835937500e+00
5.848548889160156250e+00
6.111332416534423828e+00
9.014671325683593750e+00
1.013936424255371094e+01
1.216676330566406250e+01
8.934699058532714844e+00
1.038192081451416016e+01
7.497627735137939453e+00
7.562518596649169922e+00
5.796777248382568359e+00
0.000000000000000000e+00
2.613012075424194336e+00
3.393016338348388672e+00
5.788740634918212891e+00
6.543198585510253906e+00
6.943140506744384766e+00
1.047137737274169922e+01
1.125166797637939453e+01
1.324425601959228516e+01
1.170922756195068359e+01
8.283778190612792969e+00
7.796770095825195312e+00
5.879037380218505859e+00
0.000000000000000000e+00
2.463099002838134766e+00
2.922151088714599609e+00
5.177017688751220703e+00
6.254666805267333984e+00
4.211883068084716797e+00
2.447168588638305664e+00
5.630329608917236328e+00
8.203729629516601562e+00
9.422771453857421875e+00
6.793778896331787109e+00
7.478875160217285156e+00
5.395709514617919922e+00
0.000000000000000000e+00
2.724873304367065430e+00
3.390281915664672852e+00
5.549109935760498047e+00
6.536610603332519531e+00
4.746175289154052734e+00
2.741881608963012695e+00
4.718549251556396484e+00
7.946870803833007812e+00
9.644599914550781250e+00
7.261891365051269531e+00
7.946096420288085938e+00
5.936730384826660156e+00
0.000000000000000000e+00
2.421510219573974609e+00
3.047153711318969727e+00
5.467624187469482422e+00
6.385526657104492188e+00
7.301631927490234375e+00
8.246396064758300781e+00
1.180599403381347656e+01
1.092685985565185547e+01
1.126309013366699219e+01
8.072554588317871094e+00
7.465344429016113281e+00
5.470818042755126953e+00
0.000000000000000000e+00
2.343846797943115234e+00
3.030684947967529297e+00
5.259499549865722656e+00
6.142257213592529297e+00
7.288284778594970703e+00
8.326148986816406250e+00
1.178435993194580078e+01
1.085935497283935547e+01
1.104636859893798828e+01
7.931025981903076172e+00
7.289053440093994141e+00
5.133106231689453125e+00
0.000000000000000000e+00
2.181919574737548828e+00
2.935636043548583984e+00
5.260799407958984375e+00
6.158409595489501953e+00
6.778618812561035156e+00
7.346983432769775391e+00
1.092481231689453125e+01
1.026610279083251953e+01
1.078947067260742188e+01
7.550642013549804688e+00
7.112344264984130859e+00
5.298388004302978516e+00
0.000000000000000000e+00
2.728287220001220703e+00
3.503790616989135742e+00
5.774075031280517578e+00
6.587398052215576172e+00
5.866555213928222656e+00
9.503816604614257812e+00
9.816783905029296875e+00
1.135835456848144531e+01
1.082286453247070312e+01
7.801467418670654297e+00
7.956748008728027344e+00
5.787952423095703125e+00
0.000000000000000000e+00
2.342248678207397461e+00
3.079468727111816406e+00
5.411122798919677734e+00
6.318020343780517578e+00
7.603142738342285156e+00
8.975531578063964844e+00
1.233040809631347656e+01
1.128867626190185547e+01
1.130319118499755859e+01
7.850478172302246094e+00
7.473418235778808594e+00
5.783730506896972656e+00
0.000000000000000000e+00
2.509572505950927734e+00
3.364966630935668945e+00
5.778523445129394531e+00
8.380415916442871094e+00
7.724993228912353516e+00
1.021398067474365234e+01
1.230513954162597656e+01
1.004525947570800781e+01
1.068410110473632812e+01
7.885350704193115234e+00
7.812448024749755859e+00
6.078831195831298828e+00
0.000000000000000000e+00
2.599933624267578125e+00
3.288817167282104492e+00
5.598596572875976562e+00
8.247792243957519531e+00
7.812663555145263672e+00
1.056167316436767578e+01
1.254148387908935547e+01
9.941209793090820312e+00
1.099008274078369141e+01
8.036636352539062500e+00
8.030108451843261719e+00
6.245879650115966797e+00
0.000000000000000000e+00
2.691817522048950195e+00
3.274188041687011719e+00
5.538305759429931641e+00
6.386435031890869141e+00
4.547204971313476562e+00
2.498200416564941406e+00
4.618652820587158203e+00
7.764266490936279297e+00
9.484622001647949219e+00
7.169232368469238281e+00
7.813542366027832031e+00
5.740090370178222656e+00
0.000000000000000000e+00
2.683509349822998047e+00
3.394998311996459961e+00
5.647735595703125000e+00
6.698868751525878906e+00
4.851067066192626953e+00
2.907275676727294922e+00
4.923184394836425781e+00
8.086902618408203125e+00
9.611152648925781250e+00
7.171679496765136719e+00
7.784638881683349609e+00
5.808392047882080078e+00
0.000000000000000000e+00
2.688076972961425781e+00
3.500338554382324219e+00
5.460946559906005859e+00
6.535440921783447266e+00
4.704478263854980469e+00
2.679420709609985352e+00
4.711341381072998047e+00
7.961492061614990234e+00
9.596021652221679688e+00
7.206734180450439453e+00
7.968874454498291016e+00
5.913676261901855469e+00
0.000000000000000000e+00
2.567794322967529297e+00
3.389395475387573242e+00
5.610296726226806641e+00
6.733053684234619141e+00
7.489732265472412109e+00
1.114490795135498047e+01
1.180253124237060547e+01
1.040555667877197266e+01
1.047067451477050781e+01
7.355025768280029297e+00
7.900958538055419922e+00
5.913653373718261719e+00
0.000000000000000000e+00
2.264027118682861328e+00
3.176317453384399414e+00
5.406576156616210938e+00
6.391269683837890625e+00
7.511759757995605469e+00
8.721125602722167969e+00
1.212711143493652344e+01
1.134660720825195312e+01
1.114429187774658203e+01
7.791854381561279297e+00
7.427253246307373047e+00
5.713233470916748047e+00
0.000000000000000000e+00
2.630309343338012695e+00
3.247472763061523438e+00
5.585124969482421875e+00
6.677999973297119141e+00
7.775829792022705078e+00
8.960650444030761719e+00
1.228731155395507812e+01
1.160860157012939453e+01
1.157452869415283203e+01
8.198416709899902344e+00
7.635013103485107422e+00
5.876111984252929688e+00
0.000000000000000000e+00
2.508397102355957031e+00
3.120375871658325195e+00
4.845526218414306641e+00
5.675952911376953125e+00
7.175074577331542969e+00
9.925240516662597656e+00
1.065736389160156250e+01
1.283147621154785156e+01
1.076688480377197266e+01
7.410181045532226562e+00
7.318164348602294922e+00
5.656936168670654297e+00
0.000000000000000000e+00
2.457606792449951172e+00
3.446053028106689453e+00
5.743218898773193359e+00
6.824691295623779297e+00
7.638895511627197266e+00
8.722675323486328125e+00
1.216863918304443359e+01
1.136541557312011719e+01
1.136212825775146484e+01
8.094134330749511719e+00
7.768075942993164062e+00
5.798180580139160156e+00
0.000000000000000000e+00
2.569923639297485352e+00
3.057011127471923828e+00
5.238427639007568359e+00
6.219188213348388672e+00
4.289343357086181641e+00
2.743744611740112305e+00
6.043436050415039062e+00
8.472135543823242188e+00
9.731229782104492188e+00
7.016774177551269531e+00
7.541848182678222656e+00
5.669713973999023438e+00
0.000000000000000000e+00
2.608922004699707031e+00
3.271658182144165039e+00
5.598113536834716797e+00
6.819407939910888672e+00
4.704645633697509766e+00
3.082627773284912109e+00
6.144113540649414062e+00
8.490832328796386719e+00
9.736013412475585938e+00
7.066981315612792969e+00
7.841059207916259766e+00
5.667215824127197266e+00
0.000000000000000000e+00
2.766922235488891602e+00
3.654787778854370117e+00
6.049309730529785156e+00
9.071478843688964844e+00
9.824479103088378906e+00
1.150903511047363281e+01
8.927390098571777344e+00
1.084935188293457031e+01
1.117451763153076172e+01
8.641782760620117188e+00
8.051144599914550781e+00
5.990932941436767578e+00
0.000000000000000000e+00
2.142767667770385742e+00
1.444781541824340820e+00
2.795369625091552734e+00
2.798550128936767578e+00
1.461016297340393066e+00
4.706501007080078125e+00
7.127588272094726562e+00
8.344249725341796875e+00
9.719832420349121094e+00
7.591863632202148438e+00
8.778249740600585938e+00
7.822487831115722656e+00
0.000000000000000000e+00
2.458393812179565430e+00
3.165616989135742188e+00
5.253277778625488281e+00
6.213724613189697266e+00
6.979843616485595703e+00
7.860215187072753906e+00
1.143200778961181641e+01
1.067172718048095703e+01
1.106135749816894531e+01
7.807697296142578125e+00
7.484549999237060547e+00
5.848330497741699219e+00
0.000000000000000000e+00
2.666174173355102539e+00
3.574742555618286133e+00
5.903591632843017578e+00
6.820394039154052734e+00
5.064292430877685547e+00
3.606377363204956055e+00
6.110904693603515625e+00
8.763386726379394531e+00
1.013832569122314453e+01
7.524213314056396484e+00
7.939491271972656250e+00
5.962159633636474609e+00
0.000000000000000000e+00
2.696301460266113281e+00
3.527631282806396484e+00
5.812949180603027344e+00
6.646568298339843750e+00
5.007184505462646484e+00
3.550985097885131836e+00
6.158219814300537109e+00
8.838114738464355469e+00
9.966039657592773438e+00
7.261006832122802734e+00
7.906063556671142578e+00
6.007292270660400391e+00
0.000000000000000000e+00
2.489829063415527344e+00
3.172556161880493164e+00
5.226229190826416016e+00
6.127287387847900391e+00
6.841741561889648438e+00
7.870154857635498047e+00
1.152977371215820312e+01
1.076097774505615234e+01
1.108368682861328125e+01
7.788867473602294922e+00
7.556613922119140625e+00
5.907441139221191406e+00
0.000000000000000000e+00
2.450700759887695312e+00
3.226309776306152344e+00
5.665772914886474609e+00
7.123936653137207031e+00
6.522275447845458984e+00
1.030182552337646484e+01
1.108510017395019531e+01
1.046476840972900391e+01
1.046167182922363281e+01
7.769094467163085938e+00
7.694134712219238281e+00
5.834348678588867188e+00
0.000000000000000000e+00
2.526196956634521484e+00
3.251933813095092773e+00
4.950909614562988281e+00
6.387387752532958984e+00
5.207471370697021484e+00
3.946996450424194336e+00
6.332167625427246094e+00
8.836256980895996094e+00
9.927261352539062500e+00
7.280550479888916016e+00
7.631250381469726562e+00
5.679930210113525391e+00
0.000000000000000000e+00
2.559095621109008789e+00
3.258038997650146484e+00
5.817520618438720703e+00
6.158122539520263672e+00
5.895931243896484375e+00
2.997887134552001953e+00
3.567656278610229492e+00
7.332520484924316406e+00
9.444975852966308594e+00
7.271542072296142578e+00
7.610201835632324219e+00
5.715247154235839844e+00
0.000000000000000000e+00
2.422488212585449219e+00
3.018814325332641602e+00
5.330750942230224609e+00
5.845520019531250000e+00
6.351735115051269531e+00
1.013276767730712891e+01
1.066133880615234375e+01
8.725326538085937500e+00
1.017750835418701172e+01
7.345226287841796875e+00
7.565386295318603516e+00
5.597724914550781250e+00
0.000000000000000000e+00
2.410131454467773438e+00
2.957164287567138672e+00
5.283498287200927734e+00
5.312169551849365234e+00
7.102645874023437500e+00
1.079601287841796875e+01
1.106116199493408203e+01
9.234871864318847656e+00
1.083263492584228516e+01
7.720021724700927734e+00
7.414443492889404297e+00
5.461969852447509766e+00
0.000000000000000000e+00
2.612379789352416992e+00
3.362142086029052734e+00
5.352077007293701172e+00
6.960675716400146484e+00
6.775795459747314453e+00
1.056864643096923828e+01
1.127337455749511719e+01
1.012945747375488281e+01
1.026214790344238281e+01
7.305226802825927734e+00
7.725744724273681641e+00
5.868112087249755859e+00
0.000000000000000000e+00
2.561045885086059570e+00
3.215307950973510742e+00
5.407387256622314453e+00
7.160918235778808594e+00
6.293683528900146484e+00
9.548837661743164062e+00
1.076855278015136719e+01
7.641303539276123047e+00
9.534500122070312500e+00
7.055266380310058594e+00
7.691285610198974609e+00
5.622562885284423828e+00
0.000000000000000000e+00
2.732405185699462891e+00
3.446036815643310547e+00
5.401968955993652344e+00
6.969852447509765625e+00
6.878786563873291016e+00
1.069015884399414062e+01
1.133976078033447266e+01
9.875992774963378906e+00
1.017328834533691406e+01
7.330332279205322266e+00
7.913336753845214844e+00
5.951325416564941406e+00
0.000000000000000000e+00
2.651483058929443359e+00
3.285918474197387695e+00
5.420012950897216797e+00
7.651217460632324219e+00
6.662350654602050781e+00
9.711764335632324219e+00
1.082107067108154297e+01
7.607057571411132812e+00
9.634633064270019531e+00
7.202445507049560547e+00
7.854243755340576172e+00
5.778354167938232422e+00
0.000000000000000000e+00
2.596147537231445312e+00
3.508264541625976562e+00
5.724005222320556641e+00
7.309946537017822266e+00
4.935891628265380859e+00
4.179383754730224609e+00
6.051153659820556641e+00
9.091800689697265625e+00
1.052425575256347656e+01
7.618145942687988281e+00
8.022855758666992188e+00
6.016394615173339844e+00
0.000000000000000000e+00
2.315573453903198242e+00
3.386536121368408203e+00
5.474423885345458984e+00
8.953942298889160156e+00
9.642862319946289062e+00
1.324459457397460938e+01
1.401002788543701172e+01
1.057302474975585938e+01
1.117381954193115234e+01
8.060990333557128906e+00
7.800306320190429688e+00
5.746540546417236328e+00
0.000000000000000000e+00
2.472864389419555664e+00
3.315980672836303711e+00
5.526086330413818359e+00
6.417898654937744141e+00
7.365368843078613281e+00
8.539154052734375000e+00
1.195379829406738281e+01
1.101138687133789062e+01
1.140721988677978516e+01
8.129888534545898438e+00
7.505072593688964844e+00
5.776062488555908203e+00
0.000000000000000000e+00
2.561173677444458008e+00
3.276738166809082031e+00
5.319535255432128906e+00
6.563639640808105469e+00
8.785025596618652344e+00
7.837012767791748047e+00
1.025635051727294922e+01
9.757517814636230469e+00
1.054317760467529297e+01
7.469851970672607422e+00
7.756165504455566406e+00
5.693557739257812500e+00
0.000000000000000000e+00
2.744315147399902344e+00
3.355932712554931641e+00
5.503367900848388672e+00
6.433256149291992188e+00
4.743921279907226562e+00
3.306261539459228516e+00
6.132221221923828125e+00
8.721396446228027344e+00
9.773549079895019531e+00
7.028217315673828125e+00
7.807397365570068359e+00
5.947211742401123047e+00
0.000000000000000000e+00
2.327838420867919922e+00
2.961078405380249023e+00
4.893635272979736328e+00
7.078410148620605469e+00
7.643146038055419922e+00
6.160490036010742188e+00
9.676744461059570312e+00
8.569884300231933594e+00
1.007319068908691406e+01
7.155794143676757812e+00
7.351845741271972656e+00
5.513354778289794922e+00
0.000000000000000000e+00
2.640698194503784180e+00
3.506311178207397461e+00
5.193574905395507812e+00
6.352618694305419922e+00
4.719230651855468750e+00
3.454957485198974609e+00
5.345931053161621094e+00
9.075316429138183594e+00
1.001122570037841797e+01
7.340254783630371094e+00
7.647707939147949219e+00
5.557928562164306641e+00
0.000000000000000000e+00
2.673184394836425781e+00
3.279259681701660156e+00
5.431815624237060547e+00
5.996831417083740234e+00
4.244950771331787109e+00
2.613034248352050781e+00
5.282066822052001953e+00
7.847081184387207031e+00
9.583225250244140625e+00
7.142130374908447266e+00
7.851544380187988281e+00
5.695863723754882812e+00
0.000000000000000000e+00
1.620446443557739258e+00
7.262595891952514648e-01
1.685893535614013672e+00
1.357834696769714355e+00
3.297541379928588867e+00
6.907439231872558594e+00
6.959561347961425781e+00
9.201067924499511719e+00
1.071734809875488281e+01
8.687638282775878906e+00
9.297240257263183594e+00
7.890970706939697266e+00
0.000000000000000000e+00
2.578876495361328125e+00
3.355732440948486328e+00
5.412336349487304688e+00
5.871129512786865234e+00
3.579350233078002930e+00
2.585041522979736328e+00
5.368592739105224609e+00
7.841940402984619141e+00
9.606415748596191406e+00
6.979919433593750000e+00
7.765963554382324219e+00
5.673906803131103516e+00
0.000000000000000000e+00
2.740613698959350586e+00
3.252531528472900391e+00
4.831854820251464844e+00
6.672865867614746094e+00
4.605036735534667969e+00
4.003101348876953125e+00
4.394841194152832031e+00
8.211111068725585938e+00
8.938407897949218750e+00
6.731707096099853516e+00
7.944830417633056641e+00
5.642099380493164062e+00
0.000000000000000000e+00
2.561326503753662109e+00
3.203149557113647461e+00
6.046756744384765625e+00
7.089771747589111328e+00
6.744039535522460938e+00
1.032548332214355469e+01
1.183262538909912109e+01
1.179349040985107422e+01
1.121665668487548828e+01
8.146755218505859375e+00
8.084425926208496094e+00
5.812191486358642578e+00
0.000000000000000000e+00
2.520091295242309570e+00
3.171401023864746094e+00
5.935437679290771484e+00
6.930594921112060547e+00
6.505848407745361328e+00
1.011696243286132812e+01
1.161764907836914062e+01
1.148629474639892578e+01
1.110252761840820312e+01
8.098507881164550781e+00
8.110239982604980469e+00
5.895250797271728516e+00
0.000000000000000000e+00
2.589785337448120117e+00
3.366561412811279297e+00
5.579444885253906250e+00
6.708971977233886719e+00
5.112395763397216797e+00
8.448482513427734375e+00
9.965788841247558594e+00
8.789769172668457031e+00
1.001870536804199219e+01
7.137407779693603516e+00
7.662272453308105469e+00
5.736120700836181641e+00
0.000000000000000000e+00
2.639646530151367188e+00
3.663921356201171875e+00
5.983404159545898438e+00
6.778504848480224609e+00
6.592418193817138672e+00
1.033711147308349609e+01
1.115249538421630859e+01
9.198284149169921875e+00
1.022245502471923828e+01
7.444075107574462891e+00
7.876496791839599609e+00
6.000140190124511719e+00
0.000000000000000000e+00
2.192898273468017578e+00
1.678862333297729492e+00
3.309311151504516602e+00
3.000207185745239258e+00
9.928275942802429199e-01
4.205619335174560547e+00
6.745650291442871094e+00
7.929703712463378906e+00
1.008000469207763672e+01
8.140047073364257812e+00
8.599535942077636719e+00
7.715116024017333984e+00
0.000000000000000000e+00
2.684209346771240234e+00
3.353459358215332031e+00
4.837268352508544922e+00
5.327889442443847656e+00
4.908029079437255859e+00
8.390760421752929688e+00
1.025527191162109375e+01
1.104094123840332031e+01
1.066842746734619141e+01
8.115757942199707031e+00
7.886195182800292969e+00
6.062121391296386719e+00
0.000000000000000000e+00
2.581324338912963867e+00
3.469498872756958008e+00
4.758070468902587891e+00
5.807880878448486328e+00
3.943456649780273438e+00
3.093982934951782227e+00
6.392712593078613281e+00
8.760070800781250000e+00
9.559397697448730469e+00
7.148812294006347656e+00
7.754371166229248047e+00
5.754665851593017578e+00
0.000000000000000000e+00
2.716380596160888672e+00
3.116751432418823242e+00
4.699621677398681641e+00
5.337617397308349609e+00
3.293390035629272461e+00
2.538161039352416992e+00
5.624407291412353516e+00
8.197373390197753906e+00
9.297795295715332031e+00
7.095430374145507812e+00
7.698556900024414062e+00
5.935937881469726562e+00
0.000000000000000000e+00
2.568454742431640625e+00
3.327841520309448242e+00
5.636715888977050781e+00
6.233411788940429688e+00
6.664035797119140625e+00
1.046395397186279297e+01
1.086757278442382812e+01
8.788015365600585938e+00
1.025582218170166016e+01
7.496726512908935547e+00
7.799587249755859375e+00
5.648573875427246094e+00
0.000000000000000000e+00
2.533965587615966797e+00
3.132507801055908203e+00
5.301804542541503906e+00
5.775437831878662109e+00
6.363815784454345703e+00
1.012692451477050781e+01
1.058666515350341797e+01
8.638103485107421875e+00
1.015515518188476562e+01
7.360152721405029297e+00
7.659700393676757812e+00
5.580597400665283203e+00
0.000000000000000000e+00
2.579485893249511719e+00
3.333860397338867188e+00
5.484158992767333984e+00
5.887142181396484375e+00
6.633861064910888672e+00
1.035848426818847656e+01
1.083021163940429688e+01
8.883593559265136719e+00
1.027509975433349609e+01
7.500229835510253906e+00
7.812460899353027344e+00
5.821612834930419922e+00
0.000000000000000000e+00
2.621439933776855469e+00
3.405957937240600586e+00
5.667063236236572266e+00
6.244392395019531250e+00
6.897267341613769531e+00
1.066071224212646484e+01
1.099087047576904297e+01
8.965557098388671875e+00
1.044156169891357422e+01
7.602688789367675781e+00
7.848893642425537109e+00
5.820852279663085938e+00
0.000000000000000000e+00
2.612757205963134766e+00
3.356725931167602539e+00
5.633813858032226562e+00
6.302178859710693359e+00
6.974491119384765625e+00
1.074125480651855469e+01
1.091347122192382812e+01
8.873253822326660156e+00
1.033770370483398438e+01
7.608387947082519531e+00
7.774079322814941406e+00
5.708880424499511719e+00
0.000000000000000000e+00
2.646215915679931641e+00
3.377035379409790039e+00
5.638153076171875000e+00
6.275092124938964844e+00
6.971220493316650391e+00
1.076622104644775391e+01
1.097765064239501953e+01
8.963851928710937500e+00
1.038336753845214844e+01
7.672611713409423828e+00
7.872377872467041016e+00
5.666261672973632812e+00
0.000000000000000000e+00
2.109712600708007812e+00
2.427630662918090820e+00
4.138082981109619141e+00
4.533459186553955078e+00
3.162158727645874023e+00
2.764279842376708984e+00
5.200039386749267578e+00
7.326716899871826172e+00
9.133032798767089844e+00
6.591050148010253906e+00
6.967252731323242188e+00
5.149696350097656250e+00
0.000000000000000000e+00
2.366778373718261719e+00
3.227925300598144531e+00
5.487817287445068359e+00
6.127998828887939453e+00
6.160786628723144531e+00
6.306899547576904297e+00
1.004117298126220703e+01
9.890445709228515625e+00
1.085389709472656250e+01
7.918239593505859375e+00
7.551088333129882812e+00
5.869434356689453125e+00
0.000000000000000000e+00
2.705400943756103516e+00
3.430860042572021484e+00
5.546188354492187500e+00
6.543709278106689453e+00
4.759482383728027344e+00
2.660582542419433594e+00
4.527689456939697266e+00
7.886100292205810547e+00
9.633004188537597656e+00
7.200431823730468750e+00
7.896928787231445312e+00
5.824034214019775391e+00
0.000000000000000000e+00
2.676439285278320312e+00
3.367553472518920898e+00
5.580058574676513672e+00
6.680055618286132812e+00
4.591604709625244141e+00
2.685489416122436523e+00
4.690260410308837891e+00
7.887680053710937500e+00
9.623846054077148438e+00
7.161854743957519531e+00
7.787757873535156250e+00
5.817861080169677734e+00
0.000000000000000000e+00
2.662594556808471680e+00
3.455239772796630859e+00
5.653829097747802734e+00
6.658015727996826172e+00
4.622353553771972656e+00
2.682514190673828125e+00
4.693242549896240234e+00
7.859859466552734375e+00
9.595167160034179688e+00
7.151957988739013672e+00
7.809629917144775391e+00
5.749916553497314453e+00
0.000000000000000000e+00
2.483011960983276367e+00
2.893751382827758789e+00
5.410853862762451172e+00
6.262362480163574219e+00
7.240273952484130859e+00
1.085756969451904297e+01
1.100425434112548828e+01
8.857254028320312500e+00
1.009497928619384766e+01
7.187531948089599609e+00
7.377624034881591797e+00
5.586967945098876953e+00
0.000000000000000000e+00
2.595060110092163086e+00
3.603525400161743164e+00
5.337207317352294922e+00
6.301290988922119141e+00
5.173583507537841797e+00
3.105043888092041016e+00
6.332080364227294922e+00
8.651863098144531250e+00
1.004532146453857422e+01
7.497274398803710938e+00
7.810652732849121094e+00
5.748604297637939453e+00
