-1.413222700357437134e-01 4.236279428005218506e-02 0.000000000000000000e+00
2.183131083846092224e+00 2.441903218626976013e+00 7.692307692307692735e-02
2.761077746748924255e+00 3.165990993380546570e+00 1.538461538461538547e-01
4.626486167311668396e+00 5.262005731463432312e+00 2.307692307692307820e-01
6.242983445525169373e+00 7.293925687670707703e+00 3.076923076923077094e-01
7.063364908099174500e+00 9.001725479960441589e+00 3.846153846153846367e-01
5.758773490786552429e+00 8.071432396769523621e+00 4.615384615384615641e-01
7.715418741106987000e+00 9.875670358538627625e+00 5.384615384615384359e-01
6.282959505915641785e+00 8.400915071368217468e+00 6.153846153846154188e-01
8.710876509547233582e+00 1.021521155536174774e+01 6.923076923076922906e-01
5.920534893870353699e+00 7.530377075076103210e+00 7.692307692307692735e-01
5.858412194997072220e+00 7.679568409919738770e+00 8.461538461538461453e-01
4.075209189206361771e+00 5.748601436614990234e+00 9.230769230769231282e-01
-1.330739110708236694e-01 -1.704446163028478622e+00 0.000000000000000000e+00
2.429630652070045471e+00 8.590962029993534088e-01 7.692307692307692735e-02
3.201972082257270813e+00 1.675822291523218155e+00 1.538461538461538547e-01
5.178073361515998840e+00 3.723678145557641983e+00 2.307692307692307820e-01
5.780029907822608948e+00 4.883213672786951065e+00 3.076923076923077094e-01
5.263831034302711487e+00 4.927761644124984741e+00 3.846153846153846367e-01
8.369904175400733948e+00 7.998518794775009155e+00 4.615384615384615641e-01
1.076349867880344391e+01 1.086510428786277771e+01 5.384615384615384359e-01
1.010660804808139801e+01 9.985092133283615112e+00 6.153846153846154188e-01
1.019555141031742096e+01 1.031972706317901611e+01 6.923076923076922906e-01
7.325834766030311584e+00 7.548149704933166504e+00 7.692307692307692735e-01
7.354803696274757385e+00 7.786087989807128906e+00 8.461538461538461453e-01
5.537240043282508850e+00 5.886549949645996094e+00 9.230769230769231282e-01
-1.481598615646362305e-01 -1.522456780076026917e-01 0.000000000000000000e+00
2.338161587715148926e+00 2.388156257569789886e+00 7.692307692307692735e-02
3.244760811328887939e+00 3.218248389661312103e+00 1.538461538461538547e-01
5.231463730335235596e+00 5.764188550412654877e+00 2.307692307692307820e-01
6.922260105609893799e+00 7.449212215840816498e+00 3.076923076923077094e-01
6.476821213960647583e+00 6.533557735383510590e+00 3.846153846153846367e-01
9.201781064271926880e+00 9.545434318482875824e+00 4.615384615384615641e-01
9.885073810815811157e+00 1.005430515855550766e+01 5.384615384615384359e-01
1.138760152459144592e+01 1.162473937124013901e+01 6.153846153846154188e-01
1.062214359641075134e+01 1.080621358007192612e+01 6.923076923076922906e-01
7.747378438711166382e+00 7.960201703011989594e+00 7.692307692307692735e-01
7.638497449457645416e+00 8.007757902145385742e+00 8.461538461538461453e-01
5.547135926783084869e+00 5.877653121948242188e+00 9.230769230769231282e-01
-1.334545761346817017e-01 3.070548176765441895e-02 0.000000000000000000e+00
2.436717256903648376e+00 2.634145528078079224e+00 7.692307692307692735e-02
2.988806411623954773e+00 3.349362939596176147e+00 1.538461538461538547e-01
4.959833070635795593e+00 5.299899548292160034e+00 2.307692307692307820e-01
5.479894801974296570e+00 5.945772737264633179e+00 3.076923076923077094e-01
3.708433434367179871e+00 4.394425839185714722e+00 3.846153846153846367e-01
2.955394908785820007e+00 3.675587981939315796e+00 4.615384615384615641e-01
6.412553712725639343e+00 7.187521070241928101e+00 5.384615384615384359e-01
7.989471361041069031e+00 9.000072568655014038e+00 6.153846153846154188e-01
8.885640665888786316e+00 9.720999628305435181e+00 6.923076923076922906e-01
6.156038567423820496e+00 7.230073124170303345e+00 7.692307692307692735e-01
6.409577772021293640e+00 7.606271862983703613e+00 8.461538461538461453e-01
4.582959696650505066e+00 5.766683578491210938e+00 9.230769230769231282e-01
-1.609389483928680420e-01 -3.215408921241760254e-01 0.000000000000000000e+00
2.334588557481765747e+00 2.344026029109954834e+00 7.692307692307692735e-02
3.015205174684524536e+00 3.080588936805725098e+00 1.538461538461538547e-01
4.943921834230422974e+00 5.117351174354553223e+00 2.307692307692307820e-01
5.577529400587081909e+00 5.782787263393402100e+00 3.076923076923077094e-01
3.011124342679977417e+00 3.962068855762481689e+00 3.846153846153846367e-01
2.544290512800216675e+00 3.628432452678680420e+00 4.615384615384615641e-01
4.745612591505050659e+00 5.597729861736297607e+00 5.384615384615384359e-01
6.317605584859848022e+00 7.310027182102203369e+00 6.153846153846154188e-01
8.045394748449325562e+00 9.256073772907257080e+00 6.923076923076922906e-01
5.558250755071640015e+00 7.108576834201812744e+00 7.692307692307692735e-01
6.239068359136581421e+00 7.698296904563903809e+00 8.461538461538461453e-01
4.355634540319442749e+00 5.769011497497558594e+00 9.230769230769231282e-01
-1.413222700357437134e-01 4.236279428005218506e-02 0.000000000000000000e+00
2.183131083846092224e+00 2.441903218626976013e+00 7.692307692307692735e-02
2.761077746748924255e+00 3.165990993380546570e+00 1.538461538461538547e-01
4.626486167311668396e+00 5.262005731463432312e+00 2.307692307692307820e-01
6.242983445525169373e+00 7.293925687670707703e+00 3.076923076923077094e-01
7.063364908099174500e+00 9.001725479960441589e+00 3.846153846153846367e-01
5.758773490786552429e+00 8.071432396769523621e+00 4.615384615384615641e-01
7.715418741106987000e+00 9.875670358538627625e+00 5.384615384615384359e-01
6.282959505915641785e+00 8.400915071368217468e+00 6.153846153846154188e-01
8.710876509547233582e+00 1.021521155536174774e+01 6.923076923076922906e-01
5.920534893870353699e+00 7.530377075076103210e+00 7.692307692307692735e-01
5.858412194997072220e+00 7.679568409919738770e+00 8.461538461538461453e-01
4.075209189206361771e+00 5.748601436614990234e+00 9.230769230769231282e-01
-1.413222700357437134e-01 4.236279428005218506e-02 0.000000000000000000e+00
2.183131083846092224e+00 2.441903218626976013e+00 7.692307692307692735e-02
2.761077746748924255e+00 3.165990993380546570e+00 1.538461538461538547e-01
4.626486167311668396e+00 5.262005731463432312e+00 2.307692307692307820e-01
6.242983445525169373e+00 7.293925687670707703e+00 3.076923076923077094e-01
7.063364908099174500e+00 9.001725479960441589e+00 3.846153846153846367e-01
5.758773490786552429e+00 8.071432396769523621e+00 4.615384615384615641e-01
7.715418741106987000e+00 9.875670358538627625e+00 5.384615384615384359e-01
6.282959505915641785e+00 8.400915071368217468e+00 6.153846153846154188e-01
8.710876509547233582e+00 1.021521155536174774e+01 6.923076923076922906e-01
5.920534893870353699e+00 7.530377075076103210e+00 7.692307692307692735e-01
5.858412194997072220e+00 7.679568409919738770e+00 8.461538461538461453e-01
4.075209189206361771e+00 5.748601436614990234e+00 9.230769230769231282e-01
-1.413222700357437134e-01 4.236279428005218506e-02 0.000000000000000000e+00
2.183131083846092224e+00 2.441903218626976013e+00 7.692307692307692735e-02
2.761077746748924255e+00 3.165990993380546570e+00 1.538461538461538547e-01
4.626486167311668396e+00 5.262005731463432312e+00 2.307692307692307820e-01
6.242983445525169373e+00 7.293925687670707703e+00 3.076923076923077094e-01
7.063364908099174500e+00 9.001725479960441589e+00 3.846153846153846367e-01
5.758773490786552429e+00 8.071432396769523621e+00 4.615384615384615641e-01
7.715418741106987000e+00 9.875670358538627625e+00 5.384615384615384359e-01
6.282959505915641785e+00 8.400915071368217468e+00 6.153846153846154188e-01
8.710876509547233582e+00 1.021521155536174774e+01 6.923076923076922906e-01
5.920534893870353699e+00 7.530377075076103210e+00 7.692307692307692735e-01
5.858412194997072220e+00 7.679568409919738770e+00 8.461538461538461453e-01
4.075209189206361771e+00 5.748601436614990234e+00 9.230769230769231282e-01
-1.265077292919158936e-01 1.059364005923271179e+00 0.000000000000000000e+00
2.355361968278884888e+00 3.632207319140434265e+00 7.692307692307692735e-02
3.211535423994064331e+00 4.452161297202110291e+00 1.538461538461538547e-01
5.965032070875167847e+00 6.789901241660118103e+00 2.307692307692307820e-01
6.825944751501083374e+00 9.126575693488121033e+00 3.076923076923077094e-01
5.719536155462265015e+00 7.630400165915489197e+00 3.846153846153846367e-01
8.025020450353622437e+00 7.744278728961944580e+00 4.615384615384615641e-01
8.233491033315658569e+00 6.497566998004913330e+00 5.384615384615384359e-01
9.641076654195785522e+00 9.691665232181549072e+00 6.153846153846154188e-01
1.097977504134178162e+01 9.997009575366973877e+00 6.923076923076922906e-01
8.550283044576644897e+00 7.475926220417022705e+00 7.692307692307692735e-01
8.862159579992294312e+00 7.749108076095581055e+00 8.461538461538461453e-01
6.868488997220993042e+00 5.730744361877441406e+00 9.230769230769231282e-01
-1.413222700357437134e-01 4.236279428005218506e-02 0.000000000000000000e+00
2.183131083846092224e+00 2.441903218626976013e+00 7.692307692307692735e-02
2.761077746748924255e+00 3.165990993380546570e+00 1.538461538461538547e-01
4.626486167311668396e+00 5.262005731463432312e+00 2.307692307692307820e-01
6.242983445525169373e+00 7.293925687670707703e+00 3.076923076923077094e-01
7.063364908099174500e+00 9.001725479960441589e+00 3.846153846153846367e-01
5.758773490786552429e+00 8.071432396769523621e+00 4.615384615384615641e-01
7.715418741106987000e+00 9.875670358538627625e+00 5.384615384615384359e-01
6.282959505915641785e+00 8.400915071368217468e+00 6.153846153846154188e-01
8.710876509547233582e+00 1.021521155536174774e+01 6.923076923076922906e-01
5.920534893870353699e+00 7.530377075076103210e+00 7.692307692307692735e-01
5.858412194997072220e+00 7.679568409919738770e+00 8.461538461538461453e-01
4.075209189206361771e+00 5.748601436614990234e+00 9.230769230769231282e-01
-1.020326465368270874e-01 -1.005656093358993530e+00 0.000000000000000000e+00
2.432343021035194397e+00 1.831246048212051392e+00 7.692307692307692735e-02
3.197141960263252258e+00 2.532218068838119507e+00 1.538461538461538547e-01
5.548185899853706360e+00 4.885927528142929077e+00 2.307692307692307820e-01
7.466410949826240540e+00 7.242272466421127319e+00 3.076923076923077094e-01
6.887397304177284241e+00 6.233404248952865601e+00 3.846153846153846367e-01
9.632790103554725647e+00 9.136282056570053101e+00 4.615384615384615641e-01
1.086499001085758209e+01 1.092727324366569519e+01 5.384615384615384359e-01
9.166088119149208069e+00 9.376401156187057495e+00 6.153846153846154188e-01
1.017368282377719879e+01 1.030989059805870056e+01 6.923076923076922906e-01
7.274764910340309143e+00 7.613553375005722046e+00 7.692307692307692735e-01
7.263163578696548939e+00 7.907285213470458984e+00 8.461538461538461453e-01
5.247281801886856556e+00 5.882567405700683594e+00 9.230769230769231282e-01
-1.020326465368270874e-01 -1.005656093358993530e+00 0.000000000000000000e+00
2.432343021035194397e+00 1.831246048212051392e+00 7.692307692307692735e-02
3.197141960263252258e+00 2.532218068838119507e+00 1.538461538461538547e-01
5.548185899853706360e+00 4.885927528142929077e+00 2.307692307692307820e-01
7.466410949826240540e+00 7.242272466421127319e+00 3.076923076923077094e-01
6.887397304177284241e+00 6.233404248952865601e+00 3.846153846153846367e-01
9.632790103554725647e+00 9.136282056570053101e+00 4.615384615384615641e-01
1.086499001085758209e+01 1.092727324366569519e+01 5.384615384615384359e-01
9.166088119149208069e+00 9.376401156187057495e+00 6.153846153846154188e-01
1.017368282377719879e+01 1.030989059805870056e+01 6.923076923076922906e-01
7.274764910340309143e+00 7.613553375005722046e+00 7.692307692307692735e-01
7.263163578696548939e+00 7.907285213470458984e+00 8.461538461538461453e-01
5.247281801886856556e+00 5.882567405700683594e+00 9.230769230769231282e-01
-1.609389483928680420e-01 -3.215408921241760254e-01 0.000000000000000000e+00
2.334588557481765747e+00 2.344026029109954834e+00 7.692307692307692735e-02
3.015205174684524536e+00 3.080588936805725098e+00 1.538461538461538547e-01
4.943921834230422974e+00 5.117351174354553223e+00 2.307692307692307820e-01
5.577529400587081909e+00 5.782787263393402100e+00 3.076923076923077094e-01
3.011124342679977417e+00 3.962068855762481689e+00 3.846153846153846367e-01
2.544290512800216675e+00 3.628432452678680420e+00 4.615384615384615641e-01
4.745612591505050659e+00 5.597729861736297607e+00 5.384615384615384359e-01
6.317605584859848022e+00 7.310027182102203369e+00 6.153846153846154188e-01
8.045394748449325562e+00 9.256073772907257080e+00 6.923076923076922906e-01
5.558250755071640015e+00 7.108576834201812744e+00 7.692307692307692735e-01
6.239068359136581421e+00 7.698296904563903809e+00 8.461538461538461453e-01
4.355634540319442749e+00 5.769011497497558594e+00 9.230769230769231282e-01
-1.609389483928680420e-01 -3.215408921241760254e-01 0.000000000000000000e+00
2.334588557481765747e+00 2.344026029109954834e+00 7.692307692307692735e-02
3.015205174684524536e+00 3.080588936805725098e+00 1.538461538461538547e-01
4.943921834230422974e+00 5.117351174354553223e+00 2.307692307692307820e-01
5.577529400587081909e+00 5.782787263393402100e+00 3.076923076923077094e-01
3.011124342679977417e+00 3.962068855762481689e+00 3.846153846153846367e-01
2.544290512800216675e+00 3.628432452678680420e+00 4.615384615384615641e-01
4.745612591505050659e+00 5.597729861736297607e+00 5.384615384615384359e-01
6.317605584859848022e+00 7.310027182102203369e+00 6.153846153846154188e-01
8.045394748449325562e+00 9.256073772907257080e+00 6.923076923076922906e-01
5.558250755071640015e+00 7.108576834201812744e+00 7.692307692307692735e-01
6.239068359136581421e+00 7.698296904563903809e+00 8.461538461538461453e-01
4.355634540319442749e+00 5.769011497497558594e+00 9.230769230769231282e-01
-1.625133752822875977e-01 -8.119215965270996094e-01 0.000000000000000000e+00
2.330722689628601074e+00 1.861534833908081055e+00 7.692307692307692735e-02
2.935782492160797119e+00 2.609408199787139893e+00 1.538461538461538547e-01
4.847778618335723877e+00 4.555816352367401123e+00 2.307692307692307820e-01
5.456515610218048096e+00 5.242854118347167969e+00 3.076923076923077094e-01
3.199755728244781494e+00 3.498297691345214844e+00 3.846153846153846367e-01
2.772789925336837769e+00 3.148945331573486328e+00 4.615384615384615641e-01
5.643091171979904175e+00 5.802879095077514648e+00 5.384615384615384359e-01
7.103451818227767944e+00 7.570184469223022461e+00 6.153846153846154188e-01
8.622378796339035034e+00 9.340029001235961914e+00 6.923076923076922906e-01
6.119413584470748901e+00 7.149419546127319336e+00 7.692307692307692735e-01
6.727342337369918823e+00 7.710946083068847656e+00 8.461538461538461453e-01
4.834044069051742554e+00 5.755587100982666016e+00 9.230769230769231282e-01
-1.609389483928680420e-01 -3.215408921241760254e-01 0.000000000000000000e+00
2.334588557481765747e+00 2.344026029109954834e+00 7.692307692307692735e-02
3.015205174684524536e+00 3.080588936805725098e+00 1.538461538461538547e-01
4.943921834230422974e+00 5.117351174354553223e+00 2.307692307692307820e-01
5.577529400587081909e+00 5.782787263393402100e+00 3.076923076923077094e-01
3.011124342679977417e+00 3.962068855762481689e+00 3.846153846153846367e-01
2.544290512800216675e+00 3.628432452678680420e+00 4.615384615384615641e-01
4.745612591505050659e+00 5.597729861736297607e+00 5.384615384615384359e-01
6.317605584859848022e+00 7.310027182102203369e+00 6.153846153846154188e-01
8.045394748449325562e+00 9.256073772907257080e+00 6.923076923076922906e-01
5.558250755071640015e+00 7.108576834201812744e+00 7.692307692307692735e-01
6.239068359136581421e+00 7.698296904563903809e+00 8.461538461538461453e-01
4.355634540319442749e+00 5.769011497497558594e+00 9.230769230769231282e-01
-1.413222700357437134e-01 4.236279428005218506e-02 0.000000000000000000e+00
2.183131083846092224e+00 2.441903218626976013e+00 7.692307692307692735e-02
2.761077746748924255e+00 3.165990993380546570e+00 1.538461538461538547e-01
4.626486167311668396e+00 5.262005731463432312e+00 2.307692307692307820e-01
6.242983445525169373e+00 7.293925687670707703e+00 3.076923076923077094e-01
7.063364908099174500e+00 9.001725479960441589e+00 3.846153846153846367e-01
5.758773490786552429e+00 8.071432396769523621e+00 4.615384615384615641e-01
7.715418741106987000e+00 9.875670358538627625e+00 5.384615384615384359e-01
6.282959505915641785e+00 8.400915071368217468e+00 6.153846153846154188e-01
8.710876509547233582e+00 1.021521155536174774e+01 6.923076923076922906e-01
5.920534893870353699e+00 7.530377075076103210e+00 7.692307692307692735e-01
5.858412194997072220e+00 7.679568409919738770e+00 8.461538461538461453e-01
4.075209189206361771e+00 5.748601436614990234e+00 9.230769230769231282e-01
-1.413222700357437134e-01 4.236279428005218506e-02 0.000000000000000000e+00
2.183131083846092224e+00 2.441903218626976013e+00 7.692307692307692735e-02
2.761077746748924255e+00 3.165990993380546570e+00 1.538461538461538547e-01
4.626486167311668396e+00 5.262005731463432312e+00 2.307692307692307820e-01
6.242983445525169373e+00 7.293925687670707703e+00 3.076923076923077094e-01
7.063364908099174500e+00 9.001725479960441589e+00 3.846153846153846367e-01
5.758773490786552429e+00 8.071432396769523621e+00 4.615384615384615641e-01
7.715418741106987000e+00 9.875670358538627625e+00 5.384615384615384359e-01
6.282959505915641785e+00 8.400915071368217468e+00 6.153846153846154188e-01
8.710876509547233582e+00 1.021521155536174774e+01 6.923076923076922906e-01
5.920534893870353699e+00 7.530377075076103210e+00 7.692307692307692735e-01
5.858412194997072220e+00 7.679568409919738770e+00 8.461538461538461453e-01
4.075209189206361771e+00 5.748601436614990234e+00 9.230769230769231282e-01
-1.316515505313873291e-01 -3.894768856465816498e+00 0.000000000000000000e+00
2.376885741949081421e+00 -1.328930996358394623e+00 7.692307692307692735e-02
3.068249672651290894e+00 -4.376779422163963318e-01 1.538461538461538547e-01
5.276733607053756714e+00 1.833460010588169098e+00 2.307692307692307820e-01
5.285333722829818726e+00 3.396258629858493805e+00 3.076923076923077094e-01
4.185314267873764038e+00 3.462430477142333984e+00 3.846153846153846367e-01
6.124941200017929077e+00 6.400376319885253906e+00 4.615384615384615641e-01
9.008246749639511108e+00 7.577304840087890625e+00 5.384615384615384359e-01
9.807960242033004761e+00 9.543126225471496582e+00 6.153846153846154188e-01
1.114787182211875916e+01 9.882608175277709961e+00 6.923076923076922906e-01
8.442611545324325562e+00 7.291627883911132812e+00 7.692307692307692735e-01
8.256647273898124695e+00 7.697672843933105469e+00 8.461538461538461453e-01
6.257082268595695496e+00 5.709042549133300781e+00 9.230769230769231282e-01
-1.413222700357437134e-01 4.236279428005218506e-02 0.000000000000000000e+00
2.183131083846092224e+00 2.441903218626976013e+00 7.692307692307692735e-02
2.761077746748924255e+00 3.165990993380546570e+00 1.538461538461538547e-01
4.626486167311668396e+00 5.262005731463432312e+00 2.307692307692307820e-01
6.242983445525169373e+00 7.293925687670707703e+00 3.076923076923077094e-01
7.063364908099174500e+00 9.001725479960441589e+00 3.846153846153846367e-01
5.758773490786552429e+00 8.071432396769523621e+00 4.615384615384615641e-01
7.715418741106987000e+00 9.875670358538627625e+00 5.384615384615384359e-01
6.282959505915641785e+00 8.400915071368217468e+00 6.153846153846154188e-01
8.710876509547233582e+00 1.021521155536174774e+01 6.923076923076922906e-01
5.920534893870353699e+00 7.530377075076103210e+00 7.692307692307692735e-01
5.858412194997072220e+00 7.679568409919738770e+00 8.461538461538461453e-01
4.075209189206361771e+00 5.748601436614990234e+00 9.230769230769231282e-01
-1.334545761346817017e-01 3.070548176765441895e-02 0.000000000000000000e+00
2.436717256903648376e+00 2.634145528078079224e+00 7.692307692307692735e-02
2.988806411623954773e+00 3.349362939596176147e+00 1.538461538461538547e-01
4.959833070635795593e+00 5.299899548292160034e+00 2.307692307692307820e-01
5.479894801974296570e+00 5.945772737264633179e+00 3.076923076923077094e-01
3.708433434367179871e+00 4.394425839185714722e+00 3.846153846153846367e-01
2.955394908785820007e+00 3.675587981939315796e+00 4.615384615384615641e-01
6.412553712725639343e+00 7.187521070241928101e+00 5.384615384615384359e-01
7.989471361041069031e+00 9.000072568655014038e+00 6.153846153846154188e-01
8.885640665888786316e+00 9.720999628305435181e+00 6.923076923076922906e-01
6.156038567423820496e+00 7.230073124170303345e+00 7.692307692307692735e-01
6.409577772021293640e+00 7.606271862983703613e+00 8.461538461538461453e-01
4.582959696650505066e+00 5.766683578491210938e+00 9.230769230769231282e-01
-1.334545761346817017e-01 3.070548176765441895e-02 0.000000000000000000e+00
2.436717256903648376e+00 2.634145528078079224e+00 7.692307692307692735e-02
2.988806411623954773e+00 3.349362939596176147e+00 1.538461538461538547e-01
4.959833070635795593e+00 5.299899548292160034e+00 2.307692307692307820e-01
5.479894801974296570e+00 5.945772737264633179e+00 3.076923076923077094e-01
3.708433434367179871e+00 4.394425839185714722e+00 3.846153846153846367e-01
2.955394908785820007e+00 3.675587981939315796e+00 4.615384615384615641e-01
6.412553712725639343e+00 7.187521070241928101e+00 5.384615384615384359e-01
7.989471361041069031e+00 9.000072568655014038e+00 6.153846153846154188e-01
8.885640665888786316e+00 9.720999628305435181e+00 6.923076923076922906e-01
6.156038567423820496e+00 7.230073124170303345e+00 7.692307692307692735e-01
6.409577772021293640e+00 7.606271862983703613e+00 8.461538461538461453e-01
4.582959696650505066e+00 5.766683578491210938e+00 9.230769230769231282e-01
-1.437218934297561646e-01 -6.403740119189023972e+00 0.000000000000000000e+00
2.392112180590629578e+00 -4.032684516161680222e+00 7.692307692307692735e-02
3.114226564764976501e+00 -3.204940628260374069e+00 1.538461538461538547e-01
5.446612581610679626e+00 -8.734303228557109833e-01 2.307692307692307820e-01
7.270129427313804626e+00 1.072251368314027786e+00 3.076923076923077094e-01
7.201294176280498505e+00 2.491507221013307571e+00 3.846153846153846367e-01
1.018969725817441940e+01 5.336999583989381790e+00 4.615384615384615641e-01
1.003862673789262772e+01 6.750839162617921829e+00 5.384615384615384359e-01
1.171420342475175858e+01 9.155378747731447220e+00 6.153846153846154188e-01
1.080716074258089066e+01 9.494888413697481155e+00 6.923076923076922906e-01
7.964825756847858429e+00 7.579387534409761429e+00 7.692307692307692735e-01
7.289491720497608185e+00 7.634964466094970703e+00 8.461538461538461453e-01
5.288105793297290802e+00 5.625356674194335938e+00 9.230769230769231282e-01
-1.187017038464546204e-01 3.813133239746093750e-01 0.000000000000000000e+00
2.256112329661846161e+00 2.955739021301269531e+00 7.692307692307692735e-02
2.935396425426006317e+00 3.744042277336120605e+00 1.538461538461538547e-01
5.168185941874980927e+00 5.942050099372863770e+00 2.307692307692307820e-01
6.614393703639507294e+00 7.250976443290710449e+00 3.076923076923077094e-01
6.563450276851654053e+00 7.506018877029418945e+00 3.846153846153846367e-01
1.002516692876815796e+01 1.107324528694152832e+01 4.615384615384615641e-01
1.064113277196884155e+01 1.224342191219329834e+01 5.384615384615384359e-01
1.055189783126115799e+01 1.104544913768768311e+01 6.153846153846154188e-01
9.827498026192188263e+00 1.062340414524078369e+01 6.923076923076922906e-01
7.262831993401050568e+00 8.038746237754821777e+00 7.692307692307692735e-01
6.689950115978717804e+00 7.604498147964477539e+00 8.461538461538461453e-01
4.996637828648090363e+00 5.598320007324218750e+00 9.230769230769231282e-01
-1.413222700357437134e-01 4.236279428005218506e-02 0.000000000000000000e+00
2.183131083846092224e+00 2.441903218626976013e+00 7.692307692307692735e-02
2.761077746748924255e+00 3.165990993380546570e+00 1.538461538461538547e-01
4.626486167311668396e+00 5.262005731463432312e+00 2.307692307692307820e-01
6.242983445525169373e+00 7.293925687670707703e+00 3.076923076923077094e-01
7.063364908099174500e+00 9.001725479960441589e+00 3.846153846153846367e-01
5.758773490786552429e+00 8.071432396769523621e+00 4.615384615384615641e-01
7.715418741106987000e+00 9.875670358538627625e+00 5.384615384615384359e-01
6.282959505915641785e+00 8.400915071368217468e+00 6.153846153846154188e-01
8.710876509547233582e+00 1.021521155536174774e+01 6.923076923076922906e-01
5.920534893870353699e+00 7.530377075076103210e+00 7.692307692307692735e-01
5.858412194997072220e+00 7.679568409919738770e+00 8.461538461538461453e-01
4.075209189206361771e+00 5.748601436614990234e+00 9.230769230769231282e-01
-1.220208853483200073e-01 -1.290054917335510254e-01 0.000000000000000000e+00
2.425452545285224915e+00 2.560004174709320068e+00 7.692307692307692735e-02
3.223520234227180481e+00 3.319025814533233643e+00 1.538461538461538547e-01
5.399091437458992004e+00 5.580775797367095947e+00 2.307692307692307820e-01
6.058570995926856995e+00 6.389948785305023193e+00 3.076923076923077094e-01
3.960129871964454651e+00 4.655222833156585693e+00 3.846153846153846367e-01
2.666566506028175354e+00 3.305529296398162842e+00 4.615384615384615641e-01
5.773186340928077698e+00 6.578084409236907959e+00 5.384615384615384359e-01
8.210940971970558167e+00 8.936031043529510498e+00 6.153846153846154188e-01
9.360904827713966370e+00 9.921084582805633545e+00 6.923076923076922906e-01
6.612147226929664612e+00 7.326865375041961670e+00 7.692307692307692735e-01
7.081459596753120422e+00 7.657008886337280273e+00 8.461538461538461453e-01
5.213812544941902161e+00 5.797316551208496094e+00 9.230769230769231282e-01
-1.220208853483200073e-01 -1.290054917335510254e-01 0.000000000000000000e+00
2.425452545285224915e+00 2.560004174709320068e+00 7.692307692307692735e-02
3.223520234227180481e+00 3.319025814533233643e+00 1.538461538461538547e-01
5.399091437458992004e+00 5.580775797367095947e+00 2.307692307692307820e-01
6.058570995926856995e+00 6.389948785305023193e+00 3.076923076923077094e-01
3.960129871964454651e+00 4.655222833156585693e+00 3.846153846153846367e-01
2.666566506028175354e+00 3.305529296398162842e+00 4.615384615384615641e-01
5.773186340928077698e+00 6.578084409236907959e+00 5.384615384615384359e-01
8.210940971970558167e+00 8.936031043529510498e+00 6.153846153846154188e-01
9.360904827713966370e+00 9.921084582805633545e+00 6.923076923076922906e-01
6.612147226929664612e+00 7.326865375041961670e+00 7.692307692307692735e-01
7.081459596753120422e+00 7.657008886337280273e+00 8.461538461538461453e-01
5.213812544941902161e+00 5.797316551208496094e+00 9.230769230769231282e-01
-1.413222700357437134e-01 4.236279428005218506e-02 0.000000000000000000e+00
2.183131083846092224e+00 2.441903218626976013e+00 7.692307692307692735e-02
2.761077746748924255e+00 3.165990993380546570e+00 1.538461538461538547e-01
4.626486167311668396e+00 5.262005731463432312e+00 2.307692307692307820e-01
6.242983445525169373e+00 7.293925687670707703e+00 3.076923076923077094e-01
7.063364908099174500e+00 9.001725479960441589e+00 3.846153846153846367e-01
5.758773490786552429e+00 8.071432396769523621e+00 4.615384615384615641e-01
7.715418741106987000e+00 9.875670358538627625e+00 5.384615384615384359e-01
6.282959505915641785e+00 8.400915071368217468e+00 6.153846153846154188e-01
8.710876509547233582e+00 1.021521155536174774e+01 6.923076923076922906e-01
5.920534893870353699e+00 7.530377075076103210e+00 7.692307692307692735e-01
5.858412194997072220e+00 7.679568409919738770e+00 8.461538461538461453e-01
4.075209189206361771e+00 5.748601436614990234e+00 9.230769230769231282e-01
-1.484836935997009277e-01 -2.754441313445568085e-01 0.000000000000000000e+00
2.380093157291412354e+00 2.078494925051927567e+00 7.692307692307692735e-02
3.178665459156036377e+00 2.874858278781175613e+00 1.538461538461538547e-01
5.438973248004913330e+00 5.130427975207567215e+00 2.307692307692307820e-01
6.906500995159149170e+00 6.739777226001024246e+00 3.076923076923077094e-01
6.393612682819366455e+00 6.790569454431533813e+00 3.846153846153846367e-01
9.876130402088165283e+00 1.011848631501197815e+01 4.615384615384615641e-01
1.078684693574905396e+01 1.076103201508522034e+01 5.384615384615384359e-01
9.370137274265289307e+00 9.567903310060501099e+00 6.153846153846154188e-01
1.038182049989700317e+01 1.006529459357261658e+01 6.923076923076922906e-01
7.597691595554351807e+00 7.321297019720077515e+00 7.692307692307692735e-01
7.485138751566410065e+00 7.607916235923767090e+00 8.461538461538461453e-01
5.653942205011844635e+00 5.734682559967041016e+00 9.230769230769231282e-01
-1.438397467136383057e-01 -5.472630262374877930e-01 0.000000000000000000e+00
2.442413419485092163e+00 2.148299336433410645e+00 7.692307692307692735e-02
3.101462990045547485e+00 2.910636961460113525e+00 1.538461538461538547e-01
5.150283485651016235e+00 5.025029957294464111e+00 2.307692307692307820e-01
5.730595439672470093e+00 5.642625331878662109e+00 3.076923076923077094e-01
4.150952547788619995e+00 4.487599134445190430e+00 3.846153846153846367e-01
5.188013643026351929e+00 5.506953954696655273e+00 4.615384615384615641e-01
6.905915826559066772e+00 7.176119327545166016e+00 5.384615384615384359e-01
9.951747268438339233e+00 1.047538781166076660e+01 6.153846153846154188e-01
9.592870980501174927e+00 1.031370472908020020e+01 6.923076923076922906e-01
6.644412308931350708e+00 7.502052068710327148e+00 7.692307692307692735e-01
6.626076946035027504e+00 7.779967784881591797e+00 8.461538461538461453e-01
4.665531048551201820e+00 5.724476814270019531e+00 9.230769230769231282e-01
-1.278009414672851562e-01 -7.061932235956192017e-02 0.000000000000000000e+00
2.388902187347412109e+00 2.487900041043758392e+00 7.692307692307692735e-02
3.286292374134063721e+00 3.297350190579891205e+00 1.538461538461538547e-01
4.968749940395355225e+00 5.089298270642757416e+00 2.307692307692307820e-01
6.014888465404510498e+00 6.069687627255916595e+00 3.076923076923077094e-01
5.970478907227516174e+00 6.170065909624099731e+00 3.846153846153846367e-01
3.018983259797096252e+00 3.506272584199905396e+00 4.615384615384615641e-01
2.981206037104129791e+00 4.022702008485794067e+00 5.384615384615384359e-01
6.756587602198123932e+00 7.724237948656082153e+00 6.153846153846154188e-01
8.761736966669559479e+00 9.585801035165786743e+00 6.923076923076922906e-01
6.121726609766483307e+00 7.124473243951797485e+00 7.692307692307692735e-01
6.387250818312168121e+00 7.551590204238891602e+00 8.461538461538461453e-01
4.464102067053318024e+00 5.671881675720214844e+00 9.230769230769231282e-01
-1.447256952524185181e-01 -6.321353334933519363e-01 0.000000000000000000e+00
2.344096288084983826e+00 1.849974213168025017e+00 7.692307692307692735e-02
2.989221259951591492e+00 2.576039312407374382e+00 1.538461538461538547e-01
5.072012111544609070e+00 4.665851114317774773e+00 2.307692307692307820e-01
6.035875841975212097e+00 5.598611591383814812e+00 3.076923076923077094e-01
5.755776628851890564e+00 5.627338349819183350e+00 3.846153846153846367e-01
9.534752830862998962e+00 9.282266795635223389e+00 4.615384615384615641e-01
1.032424680888652802e+01 9.884603977203369141e+00 5.384615384615384359e-01
8.786092087626457214e+00 8.483957290649414062e+00 6.153846153846154188e-01
1.028422205150127411e+01 9.942335605621337891e+00 6.923076923076922906e-01
7.588798925280570984e+00 7.339293479919433594e+00 7.692307692307692735e-01
7.802024528384208679e+00 7.664853811264038086e+00 8.461538461538461453e-01
5.947079107165336609e+00 5.747500419616699219e+00 9.230769230769231282e-01
-1.447256952524185181e-01 -6.321353334933519363e-01 0.000000000000000000e+00
2.344096288084983826e+00 1.849974213168025017e+00 7.692307692307692735e-02
2.989221259951591492e+00 2.576039312407374382e+00 1.538461538461538547e-01
5.072012111544609070e+00 4.665851114317774773e+00 2.307692307692307820e-01
6.035875841975212097e+00 5.598611591383814812e+00 3.076923076923077094e-01
5.755776628851890564e+00 5.627338349819183350e+00 3.846153846153846367e-01
9.534752830862998962e+00 9.282266795635223389e+00 4.615384615384615641e-01
1.032424680888652802e+01 9.884603977203369141e+00 5.384615384615384359e-01
8.786092087626457214e+00 8.483957290649414062e+00 6.153846153846154188e-01
1.028422205150127411e+01 9.942335605621337891e+00 6.923076923076922906e-01
7.588798925280570984e+00 7.339293479919433594e+00 7.692307692307692735e-01
7.802024528384208679e+00 7.664853811264038086e+00 8.461538461538461453e-01
5.947079107165336609e+00 5.747500419616699219e+00 9.230769230769231282e-01
-1.465591639280319214e-01 -7.751126289367675781e-01 0.000000000000000000e+00
2.395722940564155579e+00 1.839429378509521484e+00 7.692307692307692735e-02
2.992673113942146301e+00 2.654690742492675781e+00 1.538461538461538547e-01
4.880577042698860168e+00 5.023966789245605469e+00 2.307692307692307820e-01
6.154666379094123840e+00 6.659370899200439453e+00 3.076923076923077094e-01
6.048127658665180206e+00 6.824179753661155701e+00 3.846153846153846367e-01
9.778022296726703644e+00 1.048191009461879730e+01 4.615384615384615641e-01
1.033863658457994461e+01 1.097514046728610992e+01 5.384615384615384359e-01
8.712230630218982697e+00 9.675609245896339417e+00 6.153846153846154188e-01
8.701728224754333496e+00 1.005265696346759796e+01 6.923076923076922906e-01
5.795611500740051270e+00 7.389502838253974915e+00 7.692307692307692735e-01
6.317224562168121338e+00 7.563789486885070801e+00 8.461538461538461453e-01
4.321769416332244873e+00 5.648465156555175781e+00 9.230769230769231282e-01
-1.106156334280967712e-01 -3.726288676261901855e-02 0.000000000000000000e+00
2.460680581629276276e+00 2.524301797151565552e+00 7.692307692307692735e-02
2.995851732790470123e+00 3.400461643934249878e+00 1.538461538461538547e-01
5.058840490877628326e+00 5.407919377088546753e+00 2.307692307692307820e-01
5.927056528627872467e+00 6.493637293577194214e+00 3.076923076923077094e-01
4.651928998529911041e+00 5.464528053998947144e+00 3.846153846153846367e-01
7.973624564707279205e+00 8.965066403150558472e+00 4.615384615384615641e-01
9.537368752062320709e+00 1.052777621150016785e+01 5.384615384615384359e-01
8.012535072863101959e+00 9.099620550870895386e+00 6.153846153846154188e-01
8.831796146929264069e+00 1.008181610703468323e+01 6.923076923076922906e-01
6.084680296480655670e+00 7.298459917306900024e+00 7.692307692307692735e-01
6.435955859720706940e+00 7.623784780502319336e+00 8.461538461538461453e-01
4.510522820055484772e+00 5.601406097412109375e+00 9.230769230769231282e-01
-1.465591639280319214e-01 -7.751126289367675781e-01 0.000000000000000000e+00
2.395722940564155579e+00 1.839429378509521484e+00 7.692307692307692735e-02
2.992673113942146301e+00 2.654690742492675781e+00 1.538461538461538547e-01
4.880577042698860168e+00 5.023966789245605469e+00 2.307692307692307820e-01
6.154666379094123840e+00 6.659370899200439453e+00 3.076923076923077094e-01
6.048127658665180206e+00 6.824179753661155701e+00 3.846153846153846367e-01
9.778022296726703644e+00 1.048191009461879730e+01 4.615384615384615641e-01
1.033863658457994461e+01 1.097514046728610992e+01 5.384615384615384359e-01
8.712230630218982697e+00 9.675609245896339417e+00 6.153846153846154188e-01
8.701728224754333496e+00 1.005265696346759796e+01 6.923076923076922906e-01
5.795611500740051270e+00 7.389502838253974915e+00 7.692307692307692735e-01
6.317224562168121338e+00 7.563789486885070801e+00 8.461538461538461453e-01
4.321769416332244873e+00 5.648465156555175781e+00 9.230769230769231282e-01
-1.106156334280967712e-01 -3.726288676261901855e-02 0.000000000000000000e+00
2.460680581629276276e+00 2.524301797151565552e+00 7.692307692307692735e-02
2.995851732790470123e+00 3.400461643934249878e+00 1.538461538461538547e-01
5.058840490877628326e+00 5.407919377088546753e+00 2.307692307692307820e-01
5.927056528627872467e+00 6.493637293577194214e+00 3.076923076923077094e-01
4.651928998529911041e+00 5.464528053998947144e+00 3.846153846153846367e-01
7.973624564707279205e+00 8.965066403150558472e+00 4.615384615384615641e-01
9.537368752062320709e+00 1.052777621150016785e+01 5.384615384615384359e-01
8.012535072863101959e+00 9.099620550870895386e+00 6.153846153846154188e-01
8.831796146929264069e+00 1.008181610703468323e+01 6.923076923076922906e-01
6.084680296480655670e+00 7.298459917306900024e+00 7.692307692307692735e-01
6.435955859720706940e+00 7.623784780502319336e+00 8.461538461538461453e-01
4.510522820055484772e+00 5.601406097412109375e+00 9.230769230769231282e-01
-1.609389483928680420e-01 -3.215408921241760254e-01 0.000000000000000000e+00
2.334588557481765747e+00 2.344026029109954834e+00 7.692307692307692735e-02
3.015205174684524536e+00 3.080588936805725098e+00 1.538461538461538547e-01
4.943921834230422974e+00 5.117351174354553223e+00 2.307692307692307820e-01
5.577529400587081909e+00 5.782787263393402100e+00 3.076923076923077094e-01
3.011124342679977417e+00 3.962068855762481689e+00 3.846153846153846367e-01
2.544290512800216675e+00 3.628432452678680420e+00 4.615384615384615641e-01
4.745612591505050659e+00 5.597729861736297607e+00 5.384615384615384359e-01
6.317605584859848022e+00 7.310027182102203369e+00 6.153846153846154188e-01
8.045394748449325562e+00 9.256073772907257080e+00 6.923076923076922906e-01
5.558250755071640015e+00 7.108576834201812744e+00 7.692307692307692735e-01
6.239068359136581421e+00 7.698296904563903809e+00 8.461538461538461453e-01
4.355634540319442749e+00 5.769011497497558594e+00 9.230769230769231282e-01
-1.234497725963592529e-01 -1.077187210321426392e+00 0.000000000000000000e+00
2.359576255083084106e+00 1.484543651342391968e+00 7.692307692307692735e-02
3.034754842519760132e+00 2.164366155862808228e+00 1.538461538461538547e-01
5.191701740026473999e+00 4.081713467836380005e+00 2.307692307692307820e-01
6.852612346410751343e+00 5.785079151391983032e+00 3.076923076923077094e-01
6.775470666587352753e+00 5.146654754877090454e+00 3.846153846153846367e-01
9.572240285575389862e+00 8.307683378458023071e+00 4.615384615384615641e-01
1.163424413651227951e+01 1.073403468728065491e+01 5.384615384615384359e-01
1.023591344803571701e+01 9.201865702867507935e+00 6.153846153846154188e-01
1.017409161478281021e+01 9.901077419519424438e+00 6.923076923076922906e-01
7.621184863150119781e+00 7.273461729288101196e+00 7.692307692307692735e-01
7.442980401217937469e+00 7.581224441528320312e+00 8.461538461538461453e-01
5.662147633731365204e+00 5.711110591888427734e+00 9.230769230769231282e-01
-1.413222700357437134e-01 4.236279428005218506e-02 0.000000000000000000e+00
2.183131083846092224e+00 2.441903218626976013e+00 7.692307692307692735e-02
2.761077746748924255e+00 3.165990993380546570e+00 1.538461538461538547e-01
4.626486167311668396e+00 5.262005731463432312e+00 2.307692307692307820e-01
6.242983445525169373e+00 7.293925687670707703e+00 3.076923076923077094e-01
7.063364908099174500e+00 9.001725479960441589e+00 3.846153846153846367e-01
5.758773490786552429e+00 8.071432396769523621e+00 4.615384615384615641e-01
7.715418741106987000e+00 9.875670358538627625e+00 5.384615384615384359e-01
6.282959505915641785e+00 8.400915071368217468e+00 6.153846153846154188e-01
8.710876509547233582e+00 1.021521155536174774e+01 6.923076923076922906e-01
5.920534893870353699e+00 7.530377075076103210e+00 7.692307692307692735e-01
5.858412194997072220e+00 7.679568409919738770e+00 8.461538461538461453e-01
4.075209189206361771e+00 5.748601436614990234e+00 9.230769230769231282e-01
-1.249470338225364685e-01 -1.377213105559349060e+00 0.000000000000000000e+00
2.137218035757541656e+00 1.227112904191017151e+00 7.692307692307692735e-02
2.916826523840427399e+00 2.020352259278297424e+00 1.538461538461538547e-01
4.947789229452610016e+00 4.120623245835304260e+00 2.307692307692307820e-01
6.613744772970676422e+00 5.211694136261940002e+00 3.076923076923077094e-01
6.533270671963691711e+00 5.692084237933158875e+00 3.846153846153846367e-01
9.073457315564155579e+00 9.066570445895195007e+00 4.615384615384615641e-01
1.133165366947650909e+01 1.076483456790447235e+01 5.384615384615384359e-01
1.092739661037921906e+01 1.028759698569774628e+01 6.153846153846154188e-01
1.068789768218994141e+01 9.792023107409477234e+00 6.923076923076922906e-01
7.960194587707519531e+00 7.313704177737236023e+00 7.692307692307692735e-01
7.660634487867355347e+00 7.447965979576110840e+00 8.461538461538461453e-01
6.015758007764816284e+00 5.600559234619140625e+00 9.230769230769231282e-01
-1.242663711309432983e-01 -3.760817050933837891e-01 0.000000000000000000e+00
2.337567344307899475e+00 2.207092523574829102e+00 7.692307692307692735e-02
3.104692295193672180e+00 2.969336867332458496e+00 1.538461538461538547e-01
5.243062332272529602e+00 5.300124526023864746e+00 2.307692307692307820e-01
5.977628484368324280e+00 6.220039069652557373e+00 3.076923076923077094e-01
4.195419445633888245e+00 4.602197587490081787e+00 3.846153846153846367e-01
3.591558292508125305e+00 3.335142791271209717e+00 4.615384615384615641e-01
6.354911878705024719e+00 6.628902614116668701e+00 5.384615384615384359e-01
8.726696804165840149e+00 8.910671651363372803e+00 6.153846153846154188e-01
9.194738879799842834e+00 9.871822893619537354e+00 6.923076923076922906e-01
6.471225753426551819e+00 7.295340359210968018e+00 7.692307692307692735e-01
6.655753985047340393e+00 7.672644019126892090e+00 8.461538461538461453e-01
4.817191138863563538e+00 5.744288444519042969e+00 9.230769230769231282e-01
-1.340660601854324341e-01 -2.317833311855792999e+00 0.000000000000000000e+00
2.372192904353141785e+00 2.769638225436210632e-01 7.692307692307692735e-02
3.183254763484001160e+00 9.740365669131278992e-01 1.538461538461538547e-01
5.321920916438102722e+00 3.633724562823772430e+00 2.307692307692307820e-01
7.147248551249504089e+00 5.709571950137615204e+00 3.076923076923077094e-01
6.298240289092063904e+00 5.760136380791664124e+00 3.846153846153846367e-01
8.803477868437767029e+00 8.674823537468910217e+00 4.615384615384615641e-01
1.062084876000881195e+01 1.053960730135440826e+01 5.384615384615384359e-01
9.819212123751640320e+00 1.009777356684207916e+01 6.153846153846154188e-01
9.251418754458427429e+00 1.047511036694049835e+01 6.923076923076922906e-01
6.395363971590995789e+00 7.750478103756904602e+00 7.692307692307692735e-01
5.908154681324958801e+00 7.857371568679809570e+00 8.461538461538461453e-01
3.942421153187751770e+00 5.661520957946777344e+00 9.230769230769231282e-01
-1.510408967733383179e-01 -7.224244326353073120e-01 0.000000000000000000e+00
2.378636017441749573e+00 1.927746370434761047e+00 7.692307692307692735e-02
3.004739299416542053e+00 2.692135646939277649e+00 1.538461538461538547e-01
4.931164279580116272e+00 5.045971229672431946e+00 2.307692307692307820e-01
5.728047266602516174e+00 5.894614353775978088e+00 3.076923076923077094e-01
3.955508008599281311e+00 4.631574645638465881e+00 3.846153846153846367e-01
7.003955855965614319e+00 6.043377295136451721e+00 4.615384615384615641e-01
8.322210922837257385e+00 8.344691410660743713e+00 5.384615384615384359e-01
6.679936781525611877e+00 9.945588484406471252e+00 6.153846153846154188e-01
7.576186791062355042e+00 1.024273179471492767e+01 6.923076923076922906e-01
4.791560307145118713e+00 7.451809152960777283e+00 7.692307692307692735e-01
4.970685496926307678e+00 7.662331461906433105e+00 8.461538461538461453e-01
3.072429671883583069e+00 5.794667243957519531e+00 9.230769230769231282e-01
-1.629115194082260132e-01 -1.696600139141082764e+00 0.000000000000000000e+00
2.256539955735206604e+00 1.088098108768463135e+00 7.692307692307692735e-02
3.084533467888832092e+00 1.815670549869537354e+00 1.538461538461538547e-01
5.009898439049720764e+00 3.694090902805328369e+00 2.307692307692307820e-01
5.605914905667304993e+00 3.990781128406524658e+00 3.076923076923077094e-01
3.336164072155952454e+00 2.567484319210052490e+00 3.846153846153846367e-01
3.074743852019309998e+00 3.934162080287933350e+00 4.615384615384615641e-01
5.265716180205345154e+00 6.348477780818939209e+00 5.384615384615384359e-01
7.708109959959983826e+00 8.673223197460174561e+00 6.153846153846154188e-01
9.002015098929405212e+00 9.801039278507232666e+00 6.923076923076922906e-01
6.254050478339195251e+00 7.308531582355499268e+00 7.692307692307692735e-01
6.626375004649162292e+00 7.796901226043701172e+00 8.461538461538461453e-01
4.810105010867118835e+00 5.888938903808593750e+00 9.230769230769231282e-01
-1.363339275121688843e-01 -1.201455316739156842e+00 0.000000000000000000e+00
2.168631330132484436e+00 1.458778896136209369e+00 7.692307692307692735e-02
2.958787515759468079e+00 2.386671461863443255e+00 1.538461538461538547e-01
4.792112186551094055e+00 4.841981091303750873e+00 2.307692307692307820e-01
6.667803958058357239e+00 6.986765064997598529e+00 3.076923076923077094e-01
6.613052580505609512e+00 6.659717955393716693e+00 3.846153846153846367e-01
9.973123047500848770e+00 1.015089503745548427e+01 4.615384615384615641e-01
1.132048616185784340e+01 1.281065885047428310e+01 5.384615384615384359e-01
1.038852069154381752e+01 1.094816581229679286e+01 6.153846153846154188e-01
9.698295447975397110e+00 1.095175802707672119e+01 6.923076923076922906e-01
6.812948081642389297e+00 8.191996932029724121e+00 7.692307692307692735e-01
6.127398703247308731e+00 7.560399889945983887e+00 8.461538461538461453e-01
4.245640490204095840e+00 5.579668998718261719e+00 9.230769230769231282e-01
-1.470481753349304199e-01 -1.049044609069824219e+00 0.000000000000000000e+00
2.361584007740020752e+00 1.536474704742431641e+00 7.692307692307692735e-02
3.180400550365447998e+00 2.218409299850463867e+00 1.538461538461538547e-01
5.175822198390960693e+00 4.159077525138854980e+00 2.307692307692307820e-01
5.780706465244293213e+00 4.515692591667175293e+00 3.076923076923077094e-01
3.407888710498809814e+00 3.015391230583190918e+00 3.846153846153846367e-01
3.275847628712654114e+00 4.835875749588012695e+00 4.615384615384615641e-01
5.417250350117683411e+00 7.447104930877685547e+00 5.384615384615384359e-01
7.696805432438850403e+00 9.298719406127929688e+00 6.153846153846154188e-01
9.003649905323982239e+00 1.001153910160064697e+01 6.923076923076922906e-01
6.296194031834602356e+00 7.430112957954406738e+00 7.692307692307692735e-01
7.099362447857856750e+00 7.831348180770874023e+00 8.461538461538461453e-01
5.222978189587593079e+00 5.892999649047851562e+00 9.230769230769231282e-01
-1.463659405708312988e-01 -2.106163024902343750e+00 0.000000000000000000e+00
2.288752734661102295e+00 3.200719356536865234e-01 7.692307692307692735e-02
3.069235503673553467e+00 1.194124579429626465e+00 1.538461538461538547e-01
5.000128328800201416e+00 2.969507575035095215e+00 2.307692307692307820e-01
5.338622510433197021e+00 3.901094794273376465e+00 3.076923076923077094e-01
3.829574763774871826e+00 2.888782978057861328e+00 3.846153846153846367e-01
4.378034949302673340e+00 5.292628765106201172e+00 4.615384615384615641e-01
7.362418532371520996e+00 8.273352622985839844e+00 5.384615384615384359e-01
8.823031783103942871e+00 1.031191110610961914e+01 6.153846153846154188e-01
8.650553092360496521e+00 1.027042841911315918e+01 6.923076923076922906e-01
5.774419173598289490e+00 7.734489917755126953e+00 7.692307692307692735e-01
5.681850790977478027e+00 7.596739411354064941e+00 8.461538461538461453e-01
3.675670027732849121e+00 5.618838310241699219e+00 9.230769230769231282e-01
-1.318601071834564209e-01 -1.624071158468723297e+00 0.000000000000000000e+00
2.402092605829238892e+00 1.020714484155178070e+00 7.692307692307692735e-02
3.170976668596267700e+00 1.769558154046535492e+00 1.538461538461538547e-01
5.326945334672927856e+00 3.836018525063991547e+00 2.307692307692307820e-01
7.403519898653030396e+00 6.083633147180080414e+00 3.076923076923077094e-01
6.964590847492218018e+00 6.128938183188438416e+00 3.846153846153846367e-01
1.053831917047500610e+01 9.482027754187583923e+00 4.615384615384615641e-01
1.267790156602859497e+01 1.171024487912654877e+01 5.384615384615384359e-01
9.964554369449615479e+00 9.154718384146690369e+00 6.153846153846154188e-01
1.072758775949478149e+01 1.016487072408199310e+01 6.923076923076922906e-01
8.041812241077423096e+00 7.476529344916343689e+00 7.692307692307692735e-01
7.981487024575471878e+00 7.670593261718750000e+00 8.461538461538461453e-01
5.991903889924287796e+00 5.763791084289550781e+00 9.230769230769231282e-01
-1.318601071834564209e-01 -1.624071158468723297e+00 0.000000000000000000e+00
2.402092605829238892e+00 1.020714484155178070e+00 7.692307692307692735e-02
3.170976668596267700e+00 1.769558154046535492e+00 1.538461538461538547e-01
5.326945334672927856e+00 3.836018525063991547e+00 2.307692307692307820e-01
7.403519898653030396e+00 6.083633147180080414e+00 3.076923076923077094e-01
6.964590847492218018e+00 6.128938183188438416e+00 3.846153846153846367e-01
1.053831917047500610e+01 9.482027754187583923e+00 4.615384615384615641e-01
1.267790156602859497e+01 1.171024487912654877e+01 5.384615384615384359e-01
9.964554369449615479e+00 9.154718384146690369e+00 6.153846153846154188e-01
1.072758775949478149e+01 1.016487072408199310e+01 6.923076923076922906e-01
8.041812241077423096e+00 7.476529344916343689e+00 7.692307692307692735e-01
7.981487024575471878e+00 7.670593261718750000e+00 8.461538461538461453e-01
5.991903889924287796e+00 5.763791084289550781e+00 9.230769230769231282e-01
-2.008268535137176514e-01 3.539343476295471191e-01 0.000000000000000000e+00
2.196846514940261841e+00 2.772775948047637939e+00 7.692307692307692735e-02
3.022113353013992310e+00 3.592276096343994141e+00 1.538461538461538547e-01
5.109433680772781372e+00 5.501757502555847168e+00 2.307692307692307820e-01
6.079608112573623657e+00 6.566874384880065918e+00 3.076923076923077094e-01
4.013290077447891235e+00 5.035430788993835449e+00 3.846153846153846367e-01
3.247819036245346069e+00 4.135089635848999023e+00 4.615384615384615641e-01
6.215169996023178101e+00 7.649756431579589844e+00 5.384615384615384359e-01
8.062394946813583374e+00 9.374281048774719238e+00 6.153846153846154188e-01
9.497675627470016479e+00 1.006673759222030640e+01 6.923076923076922906e-01
6.672469109296798706e+00 7.409163415431976318e+00 7.692307692307692735e-01
6.640128955245018005e+00 7.784227609634399414e+00 8.461538461538461453e-01
4.735834345221519470e+00 5.758711338043212891e+00 9.230769230769231282e-01
-2.040914446115493774e-01 -2.859648125246167183e+00 0.000000000000000000e+00
2.259292230010032654e+00 -3.499206472188234329e-01 7.692307692307692735e-02
2.985720798373222351e+00 5.476394128054380417e-01 1.538461538461538547e-01
5.100316688418388367e+00 2.706950945779681206e+00 2.307692307692307820e-01
5.943577334284782410e+00 3.869786066934466362e+00 3.076923076923077094e-01
4.144136950373649597e+00 2.694474739953875542e+00 3.846153846153846367e-01
7.046730086207389832e+00 5.439625067636370659e+00 4.615384615384615641e-01
9.924801394343376160e+00 7.581887049600481987e+00 5.384615384615384359e-01
9.913381218910217285e+00 1.024095825664699078e+01 6.153846153846154188e-01
1.081898868083953857e+01 1.024219712615013123e+01 6.923076923076922906e-01
7.951848864555358887e+00 7.386468738317489624e+00 7.692307692307692735e-01
7.970619916915893555e+00 7.773762941360473633e+00 8.461538461538461453e-01
6.017828226089477539e+00 5.742748737335205078e+00 9.230769230769231282e-01
-1.798171550035476685e-01 -2.038418994285166264e+00 0.000000000000000000e+00
2.245985552668571472e+00 2.989471098408102989e-01 7.692307692307692735e-02
3.078139111399650574e+00 9.527952214702963829e-01 1.538461538461538547e-01
5.018497630953788757e+00 2.869620158337056637e+00 2.307692307692307820e-01
6.320727869868278503e+00 4.882405831478536129e+00 3.076923076923077094e-01
5.929512813687324524e+00 3.823123051784932613e+00 3.846153846153846367e-01
8.763927772641181946e+00 6.507000519894063473e+00 4.615384615384615641e-01
1.020759864151477814e+01 9.143199517391622066e+00 5.384615384615384359e-01
9.729777649044990540e+00 1.093606777396053076e+01 6.153846153846154188e-01
9.347471371293067932e+00 1.049377889838069677e+01 6.923076923076922906e-01
6.300885096192359924e+00 7.762205316685140133e+00 7.692307692307692735e-01
5.679236903786659241e+00 7.775007247924804688e+00 8.461538461538461453e-01
3.760172381997108459e+00 5.689133167266845703e+00 9.230769230769231282e-01
-1.507797986268997192e-01 -5.751973912119865417e-01 0.000000000000000000e+00
2.161663696169853210e+00 1.927914448082447052e+00 7.692307692307692735e-02
2.788272902369499207e+00 2.574098892509937286e+00 1.538461538461538547e-01
5.058911845088005066e+00 4.606346197426319122e+00 2.307692307692307820e-01
7.053006097674369812e+00 6.576618380844593048e+00 3.076923076923077094e-01
6.304291471838951111e+00 6.631398871541023254e+00 3.846153846153846367e-01
9.288043722510337830e+00 5.929114058613777161e+00 4.615384615384615641e-01
1.144101355969905853e+01 9.322389081120491028e+00 5.384615384615384359e-01
9.828342065215110779e+00 9.809788569808006287e+00 6.153846153846154188e-01
1.052831231057643890e+01 9.969390571117401123e+00 6.923076923076922906e-01
7.966975316405296326e+00 7.152744948863983154e+00 7.692307692307692735e-01
7.400755509734153748e+00 7.594142675399780273e+00 8.461538461538461453e-01
5.482860431075096130e+00 5.737702846527099609e+00 9.230769230769231282e-01
-1.143823042511940002e-01 -1.732289463281631470e+00 0.000000000000000000e+00
2.279967270791530609e+00 8.480490148067474365e-01 7.692307692307692735e-02
3.252094469964504242e+00 1.506521254777908325e+00 1.538461538461538547e-01
4.939705453813076019e+00 3.352790385484695435e+00 2.307692307692307820e-01
5.364593945443630219e+00 4.974852234125137329e+00 3.076923076923077094e-01
3.728417716920375824e+00 4.195196062326431274e+00 3.846153846153846367e-01
5.343721829354763031e+00 4.781070500612258911e+00 4.615384615384615641e-01
7.731148444116115570e+00 7.144430905580520630e+00 5.384615384615384359e-01
7.548283703625202179e+00 8.818559318780899048e+00 6.153846153846154188e-01
8.255008526146411896e+00 9.786556154489517212e+00 6.923076923076922906e-01
5.538822002708911896e+00 7.268496423959732056e+00 7.692307692307692735e-01
5.522877734154462814e+00 7.687251210212707520e+00 8.461538461538461453e-01
3.585513871163129807e+00 5.752095222473144531e+00 9.230769230769231282e-01
-1.143823042511940002e-01 -1.732289463281631470e+00 0.000000000000000000e+00
2.279967270791530609e+00 8.480490148067474365e-01 7.692307692307692735e-02
3.252094469964504242e+00 1.506521254777908325e+00 1.538461538461538547e-01
4.939705453813076019e+00 3.352790385484695435e+00 2.307692307692307820e-01
5.364593945443630219e+00 4.974852234125137329e+00 3.076923076923077094e-01
3.728417716920375824e+00 4.195196062326431274e+00 3.846153846153846367e-01
5.343721829354763031e+00 4.781070500612258911e+00 4.615384615384615641e-01
7.731148444116115570e+00 7.144430905580520630e+00 5.384615384615384359e-01
7.548283703625202179e+00 8.818559318780899048e+00 6.153846153846154188e-01
8.255008526146411896e+00 9.786556154489517212e+00 6.923076923076922906e-01
5.538822002708911896e+00 7.268496423959732056e+00 7.692307692307692735e-01
5.522877734154462814e+00 7.687251210212707520e+00 8.461538461538461453e-01
3.585513871163129807e+00 5.752095222473144531e+00 9.230769230769231282e-01
-1.447256952524185181e-01 -6.321353334933519363e-01 0.000000000000000000e+00
2.344096288084983826e+00 1.849974213168025017e+00 7.692307692307692735e-02
2.989221259951591492e+00 2.576039312407374382e+00 1.538461538461538547e-01
5.072012111544609070e+00 4.665851114317774773e+00 2.307692307692307820e-01
6.035875841975212097e+00 5.598611591383814812e+00 3.076923076923077094e-01
5.755776628851890564e+00 5.627338349819183350e+00 3.846153846153846367e-01
9.534752830862998962e+00 9.282266795635223389e+00 4.615384615384615641e-01
1.032424680888652802e+01 9.884603977203369141e+00 5.384615384615384359e-01
8.786092087626457214e+00 8.483957290649414062e+00 6.153846153846154188e-01
1.028422205150127411e+01 9.942335605621337891e+00 6.923076923076922906e-01
7.588798925280570984e+00 7.339293479919433594e+00 7.692307692307692735e-01
7.802024528384208679e+00 7.664853811264038086e+00 8.461538461538461453e-01
5.947079107165336609e+00 5.747500419616699219e+00 9.230769230769231282e-01
-1.447256952524185181e-01 -6.321353334933519363e-01 0.000000000000000000e+00
2.344096288084983826e+00 1.849974213168025017e+00 7.692307692307692735e-02
2.989221259951591492e+00 2.576039312407374382e+00 1.538461538461538547e-01
5.072012111544609070e+00 4.665851114317774773e+00 2.307692307692307820e-01
6.035875841975212097e+00 5.598611591383814812e+00 3.076923076923077094e-01
5.755776628851890564e+00 5.627338349819183350e+00 3.846153846153846367e-01
9.534752830862998962e+00 9.282266795635223389e+00 4.615384615384615641e-01
1.032424680888652802e+01 9.884603977203369141e+00 5.384615384615384359e-01
8.786092087626457214e+00 8.483957290649414062e+00 6.153846153846154188e-01
1.028422205150127411e+01 9.942335605621337891e+00 6.923076923076922906e-01
7.588798925280570984e+00 7.339293479919433594e+00 7.692307692307692735e-01
7.802024528384208679e+00 7.664853811264038086e+00 8.461538461538461453e-01
5.947079107165336609e+00 5.747500419616699219e+00 9.230769230769231282e-01
-1.447256952524185181e-01 -6.321353334933519363e-01 0.000000000000000000e+00
2.344096288084983826e+00 1.849974213168025017e+00 7.692307692307692735e-02
2.989221259951591492e+00 2.576039312407374382e+00 1.538461538461538547e-01
5.072012111544609070e+00 4.665851114317774773e+00 2.307692307692307820e-01
6.035875841975212097e+00 5.598611591383814812e+00 3.076923076923077094e-01
5.755776628851890564e+00 5.627338349819183350e+00 3.846153846153846367e-01
9.534752830862998962e+00 9.282266795635223389e+00 4.615384615384615641e-01
1.032424680888652802e+01 9.884603977203369141e+00 5.384615384615384359e-01
8.786092087626457214e+00 8.483957290649414062e+00 6.153846153846154188e-01
1.028422205150127411e+01 9.942335605621337891e+00 6.923076923076922906e-01
7.588798925280570984e+00 7.339293479919433594e+00 7.692307692307692735e-01
7.802024528384208679e+00 7.664853811264038086e+00 8.461538461538461453e-01
5.947079107165336609e+00 5.747500419616699219e+00 9.230769230769231282e-01
-1.447256952524185181e-01 -6.321353334933519363e-01 0.000000000000000000e+00
2.344096288084983826e+00 1.849974213168025017e+00 7.692307692307692735e-02
2.989221259951591492e+00 2.576039312407374382e+00 1.538461538461538547e-01
5.072012111544609070e+00 4.665851114317774773e+00 2.307692307692307820e-01
6.035875841975212097e+00 5.598611591383814812e+00 3.076923076923077094e-01
5.755776628851890564e+00 5.627338349819183350e+00 3.846153846153846367e-01
9.534752830862998962e+00 9.282266795635223389e+00 4.615384615384615641e-01
1.032424680888652802e+01 9.884603977203369141e+00 5.384615384615384359e-01
8.786092087626457214e+00 8.483957290649414062e+00 6.153846153846154188e-01
1.028422205150127411e+01 9.942335605621337891e+00 6.923076923076922906e-01
7.588798925280570984e+00 7.339293479919433594e+00 7.692307692307692735e-01
7.802024528384208679e+00 7.664853811264038086e+00 8.461538461538461453e-01
5.947079107165336609e+00 5.747500419616699219e+00 9.230769230769231282e-01
-1.447256952524185181e-01 -6.321353334933519363e-01 0.000000000000000000e+00
2.344096288084983826e+00 1.849974213168025017e+00 7.692307692307692735e-02
2.989221259951591492e+00 2.576039312407374382e+00 1.538461538461538547e-01
5.072012111544609070e+00 4.665851114317774773e+00 2.307692307692307820e-01
6.035875841975212097e+00 5.598611591383814812e+00 3.076923076923077094e-01
5.755776628851890564e+00 5.627338349819183350e+00 3.846153846153846367e-01
9.534752830862998962e+00 9.282266795635223389e+00 4.615384615384615641e-01
1.032424680888652802e+01 9.884603977203369141e+00 5.384615384615384359e-01
8.786092087626457214e+00 8.483957290649414062e+00 6.153846153846154188e-01
1.028422205150127411e+01 9.942335605621337891e+00 6.923076923076922906e-01
7.588798925280570984e+00 7.339293479919433594e+00 7.692307692307692735e-01
7.802024528384208679e+00 7.664853811264038086e+00 8.461538461538461453e-01
5.947079107165336609e+00 5.747500419616699219e+00 9.230769230769231282e-01
-1.447256952524185181e-01 -6.321353334933519363e-01 0.000000000000000000e+00
2.344096288084983826e+00 1.849974213168025017e+00 7.692307692307692735e-02
2.989221259951591492e+00 2.576039312407374382e+00 1.538461538461538547e-01
5.072012111544609070e+00 4.665851114317774773e+00 2.307692307692307820e-01
6.035875841975212097e+00 5.598611591383814812e+00 3.076923076923077094e-01
5.755776628851890564e+00 5.627338349819183350e+00 3.846153846153846367e-01
9.534752830862998962e+00 9.282266795635223389e+00 4.615384615384615641e-01
1.032424680888652802e+01 9.884603977203369141e+00 5.384615384615384359e-01
8.786092087626457214e+00 8.483957290649414062e+00 6.153846153846154188e-01
1.028422205150127411e+01 9.942335605621337891e+00 6.923076923076922906e-01
7.588798925280570984e+00 7.339293479919433594e+00 7.692307692307692735e-01
7.802024528384208679e+00 7.664853811264038086e+00 8.461538461538461453e-01
5.947079107165336609e+00 5.747500419616699219e+00 9.230769230769231282e-01
-1.176517009735107422e-01 9.199538342654705048e-01 0.000000000000000000e+00
2.356894016265869141e+00 3.513603460043668747e+00 7.692307692307692735e-02
3.082375168800354004e+00 4.400249194353818893e+00 1.538461538461538547e-01
4.879568696022033691e+00 5.983258079737424850e+00 2.307692307692307820e-01
5.756326675415039062e+00 7.075409363955259323e+00 3.076923076923077094e-01
5.114664614200592041e+00 5.939376782625913620e+00 3.846153846153846367e-01
7.915113508701324463e+00 8.998903941363096237e+00 4.615384615384615641e-01
9.553472101688385010e+00 1.098297448083758354e+01 5.384615384615384359e-01
7.934593856334686279e+00 1.022358400747179985e+01 6.153846153846154188e-01
8.430149018764495850e+00 1.027014042437076569e+01 6.923076923076922906e-01
5.683784186840057373e+00 7.539209142327308655e+00 7.692307692307692735e-01
5.849600732326507568e+00 7.684908270835876465e+00 8.461538461538461453e-01
4.020442426204681396e+00 5.802136898040771484e+00 9.230769230769231282e-01
-1.602609008550643921e-01 8.800561428070068359e-01 0.000000000000000000e+00
2.122346654534339905e+00 3.482841968536376953e+00 7.692307692307692735e-02
2.697445705533027649e+00 4.131082773208618164e+00 1.538461538461538547e-01
4.544434621930122375e+00 6.255984067916870117e+00 2.307692307692307820e-01
6.061955884099006653e+00 7.835926175117492676e+00 3.076923076923077094e-01
6.625085487961769104e+00 9.212478637695312500e+00 3.846153846153846367e-01
6.913971140980720520e+00 8.706176638603210449e+00 4.615384615384615641e-01
8.902597859501838684e+00 1.042798352241516113e+01 5.384615384615384359e-01
7.631185010075569153e+00 8.867485165596008301e+00 6.153846153846154188e-01
8.980726435780525208e+00 1.030638813972473145e+01 6.923076923076922906e-01
5.945782378315925598e+00 7.605059623718261719e+00 7.692307692307692735e-01
5.680730864405632019e+00 7.747751235961914062e+00 8.461538461538461453e-01
3.943395063281059265e+00 5.815832614898681641e+00 9.230769230769231282e-01
-1.621564328670501709e-01 3.213803768157958984e-01 0.000000000000000000e+00
2.402563720941543579e+00 2.965613603591918945e+00 7.692307692307692735e-02
3.100917547941207886e+00 3.654252409934997559e+00 1.538461538461538547e-01
5.027786940336227417e+00 5.633289337158203125e+00 2.307692307692307820e-01
5.680317550897598267e+00 6.278315186500549316e+00 3.076923076923077094e-01
3.130703598260879517e+00 4.478612661361694336e+00 3.846153846153846367e-01
2.673321932554244995e+00 4.168846368789672852e+00 4.615384615384615641e-01
5.399344652891159058e+00 6.355060100555419922e+00 5.384615384615384359e-01
7.102983921766281128e+00 8.290173053741455078e+00 6.153846153846154188e-01
8.636019200086593628e+00 9.633402347564697266e+00 6.923076923076922906e-01
6.100826948881149292e+00 7.344629526138305664e+00 7.692307692307692735e-01
6.649664491415023804e+00 7.868277072906494141e+00 8.461538461538461453e-01
4.824080318212509155e+00 5.835995674133300781e+00 9.230769230769231282e-01
-1.609389483928680420e-01 -3.215408921241760254e-01 0.000000000000000000e+00
2.334588557481765747e+00 2.344026029109954834e+00 7.692307692307692735e-02
3.015205174684524536e+00 3.080588936805725098e+00 1.538461538461538547e-01
4.943921834230422974e+00 5.117351174354553223e+00 2.307692307692307820e-01
5.577529400587081909e+00 5.782787263393402100e+00 3.076923076923077094e-01
3.011124342679977417e+00 3.962068855762481689e+00 3.846153846153846367e-01
2.544290512800216675e+00 3.628432452678680420e+00 4.615384615384615641e-01
4.745612591505050659e+00 5.597729861736297607e+00 5.384615384615384359e-01
6.317605584859848022e+00 7.310027182102203369e+00 6.153846153846154188e-01
8.045394748449325562e+00 9.256073772907257080e+00 6.923076923076922906e-01
5.558250755071640015e+00 7.108576834201812744e+00 7.692307692307692735e-01
6.239068359136581421e+00 7.698296904563903809e+00 8.461538461538461453e-01
4.355634540319442749e+00 5.769011497497558594e+00 9.230769230769231282e-01
-1.621564328670501709e-01 3.213803768157958984e-01 0.000000000000000000e+00
2.402563720941543579e+00 2.965613603591918945e+00 7.692307692307692735e-02
3.100917547941207886e+00 3.654252409934997559e+00 1.538461538461538547e-01
5.027786940336227417e+00 5.633289337158203125e+00 2.307692307692307820e-01
5.680317550897598267e+00 6.278315186500549316e+00 3.076923076923077094e-01
3.130703598260879517e+00 4.478612661361694336e+00 3.846153846153846367e-01
2.673321932554244995e+00 4.168846368789672852e+00 4.615384615384615641e-01
5.399344652891159058e+00 6.355060100555419922e+00 5.384615384615384359e-01
7.102983921766281128e+00 8.290173053741455078e+00 6.153846153846154188e-01
8.636019200086593628e+00 9.633402347564697266e+00 6.923076923076922906e-01
6.100826948881149292e+00 7.344629526138305664e+00 7.692307692307692735e-01
6.649664491415023804e+00 7.868277072906494141e+00 8.461538461538461453e-01
4.824080318212509155e+00 5.835995674133300781e+00 9.230769230769231282e-01
-1.447256952524185181e-01 -6.321353334933519363e-01 0.000000000000000000e+00
2.344096288084983826e+00 1.849974213168025017e+00 7.692307692307692735e-02
2.989221259951591492e+00 2.576039312407374382e+00 1.538461538461538547e-01
5.072012111544609070e+00 4.665851114317774773e+00 2.307692307692307820e-01
6.035875841975212097e+00 5.598611591383814812e+00 3.076923076923077094e-01
5.755776628851890564e+00 5.627338349819183350e+00 3.846153846153846367e-01
9.534752830862998962e+00 9.282266795635223389e+00 4.615384615384615641e-01
1.032424680888652802e+01 9.884603977203369141e+00 5.384615384615384359e-01
8.786092087626457214e+00 8.483957290649414062e+00 6.153846153846154188e-01
1.028422205150127411e+01 9.942335605621337891e+00 6.923076923076922906e-01
7.588798925280570984e+00 7.339293479919433594e+00 7.692307692307692735e-01
7.802024528384208679e+00 7.664853811264038086e+00 8.461538461538461453e-01
5.947079107165336609e+00 5.747500419616699219e+00 9.230769230769231282e-01
-1.314092278480529785e-01 2.012902192771434784e+00 0.000000000000000000e+00
2.361059129238128662e+00 4.627066783607006073e+00 7.692307692307692735e-02
2.943000018596649170e+00 5.516479246318340302e+00 1.538461538461538547e-01
5.199597775936126709e+00 7.447060458362102509e+00 2.307692307692307820e-01
6.009058058261871338e+00 8.541829220950603485e+00 3.076923076923077094e-01
4.124662101268768311e+00 7.361314885318279266e+00 3.846153846153846367e-01
3.586225330829620361e+00 6.654429785907268524e+00 4.615384615384615641e-01
6.251838982105255127e+00 9.145612113177776337e+00 5.384615384615384359e-01
8.424119293689727783e+00 1.013974409550428391e+01 6.153846153846154188e-01
9.324722468852996826e+00 1.021554988622665405e+01 6.923076923076922906e-01
6.667479932308197021e+00 7.448280751705169678e+00 7.692307692307692735e-01
6.988286316394805908e+00 7.716427326202392578e+00 8.461538461538461453e-01
5.123455822467803955e+00 5.715034484863281250e+00 9.230769230769231282e-01
